Dynamical matrix file
default                                                                    
  1    2  2  6.7568759  0.0000000  0.0000000  0.0000000  0.0000000  0.0000000
           1  'C   '    10937.330905587271     
    1    1     -0.1250000000      0.1250000000      0.1250000000
    2    1     -0.8750000000      0.8750000000      0.8750000000

     Dynamical  Matrix in cartesian axes

     q = (    0.500000000  -0.166666667   0.833333333 ) 

    1    1
  0.83869862  0.00000000   -0.06661397  0.02656829    0.06661397  0.02656829
 -0.06661397 -0.02656829    0.99922194  0.00000000   -0.02578957 -0.11210263
  0.06661397 -0.02656829   -0.02578957  0.11210263    0.99922194  0.00000000
    1    2
 -0.16502193 -0.00000000   -0.07515167 -0.05380268    0.07515167 -0.05380268
 -0.07515167 -0.05380268   -0.19381020  0.01655249   -0.05002543 -0.00000000
  0.07515167 -0.05380268   -0.05002543 -0.00000000   -0.19381020 -0.01655249
    2    1
 -0.16502193  0.00000000   -0.07515167  0.05380268    0.07515167  0.05380268
 -0.07515167  0.05380268   -0.19381020 -0.01655249   -0.05002543  0.00000000
  0.07515167  0.05380268   -0.05002543  0.00000000   -0.19381020  0.01655249
    2    2
  0.83869862  0.00000000   -0.06661397 -0.02656829    0.06661397 -0.02656829
 -0.06661397  0.02656829    0.99922194  0.00000000   -0.02578957  0.11210263
  0.06661397  0.02656829   -0.02578957 -0.11210263    0.99922194 -0.00000000

     Dynamical  Matrix in cartesian axes

     q = (    0.833333333   0.166666667   0.500000000 ) 

    1    1
  0.99922194  0.00000000    0.02578957  0.11210263    0.06661397  0.02656829
  0.02578957 -0.11210263    0.99922194  0.00000000    0.06661397 -0.02656829
  0.06661397 -0.02656829    0.06661397  0.02656829    0.83869862  0.00000000
    1    2
 -0.19381020  0.01655249    0.05002543 -0.00000000    0.07515167  0.05380268
  0.05002543  0.00000000   -0.19381020 -0.01655249    0.07515167 -0.05380268
  0.07515167  0.05380268    0.07515167 -0.05380268   -0.16502193  0.00000000
    2    1
 -0.19381020 -0.01655249    0.05002543  0.00000000    0.07515167 -0.05380268
  0.05002543 -0.00000000   -0.19381020  0.01655249    0.07515167  0.05380268
  0.07515167 -0.05380268    0.07515167  0.05380268   -0.16502193 -0.00000000
    2    2
  0.99922194  0.00000000    0.02578957 -0.11210263    0.06661397 -0.02656829
  0.02578957  0.11210263    0.99922194  0.00000000    0.06661397  0.02656829
  0.06661397  0.02656829    0.06661397 -0.02656829    0.83869862  0.00000000

     Dynamical  Matrix in cartesian axes

     q = (    0.500000000   0.166666667   0.833333333 ) 

    1    1
  0.83869862 -0.00000000    0.06661397  0.02656829    0.06661397 -0.02656829
  0.06661397 -0.02656829    0.99922194 -0.00000000    0.02578957 -0.11210263
  0.06661397  0.02656829    0.02578957  0.11210263    0.99922194 -0.00000000
    1    2
  0.16502193 -0.00000000   -0.07515167  0.05380268   -0.07515167 -0.05380268
 -0.07515167  0.05380268    0.19381020  0.01655249   -0.05002543  0.00000000
 -0.07515167 -0.05380268   -0.05002543  0.00000000    0.19381020 -0.01655249
    2    1
  0.16502193  0.00000000   -0.07515167 -0.05380268   -0.07515167  0.05380268
 -0.07515167 -0.05380268    0.19381020 -0.01655249   -0.05002543 -0.00000000
 -0.07515167  0.05380268   -0.05002543 -0.00000000    0.19381020  0.01655249
    2    2
  0.83869862  0.00000000    0.06661397 -0.02656829    0.06661397  0.02656829
  0.06661397  0.02656829    0.99922194  0.00000000    0.02578957  0.11210263
  0.06661397 -0.02656829    0.02578957 -0.11210263    0.99922194  0.00000000

     Dynamical  Matrix in cartesian axes

     q = (   -0.833333333  -0.166666667   0.500000000 ) 

    1    1
  0.99922194  0.00000000    0.02578957  0.11210263   -0.06661397 -0.02656829
  0.02578957 -0.11210263    0.99922194 -0.00000000   -0.06661397  0.02656829
 -0.06661397  0.02656829   -0.06661397 -0.02656829    0.83869862  0.00000000
    1    2
 -0.19381020  0.01655249    0.05002543 -0.00000000   -0.07515167 -0.05380268
  0.05002543  0.00000000   -0.19381020 -0.01655249   -0.07515167  0.05380268
 -0.07515167 -0.05380268   -0.07515167  0.05380268   -0.16502193 -0.00000000
    2    1
 -0.19381020 -0.01655249    0.05002543  0.00000000   -0.07515167  0.05380268
  0.05002543 -0.00000000   -0.19381020  0.01655249   -0.07515167 -0.05380268
 -0.07515167  0.05380268   -0.07515167 -0.05380268   -0.16502193  0.00000000
    2    2
  0.99922194  0.00000000    0.02578957 -0.11210263   -0.06661397  0.02656829
  0.02578957  0.11210263    0.99922194  0.00000000   -0.06661397 -0.02656829
 -0.06661397 -0.02656829   -0.06661397  0.02656829    0.83869862  0.00000000

     Dynamical  Matrix in cartesian axes

     q = (   -0.833333333  -0.166666667  -0.500000000 ) 

    1    1
  0.99922194  0.00000000    0.02578957 -0.11210263    0.06661397 -0.02656829
  0.02578957  0.11210263    0.99922194  0.00000000    0.06661397  0.02656829
  0.06661397  0.02656829    0.06661397 -0.02656829    0.83869862  0.00000000
    1    2
 -0.19381020 -0.01655249    0.05002543  0.00000000    0.07515167 -0.05380268
  0.05002543 -0.00000000   -0.19381020  0.01655249    0.07515167  0.05380268
  0.07515167 -0.05380268    0.07515167  0.05380268   -0.16502193 -0.00000000
    2    1
 -0.19381020  0.01655249    0.05002543 -0.00000000    0.07515167  0.05380268
  0.05002543  0.00000000   -0.19381020 -0.01655249    0.07515167 -0.05380268
  0.07515167  0.05380268    0.07515167 -0.05380268   -0.16502193  0.00000000
    2    2
  0.99922194  0.00000000    0.02578957  0.11210263    0.06661397  0.02656829
  0.02578957 -0.11210263    0.99922194  0.00000000    0.06661397 -0.02656829
  0.06661397 -0.02656829    0.06661397  0.02656829    0.83869862  0.00000000

     Dynamical  Matrix in cartesian axes

     q = (   -0.500000000  -0.166666667  -0.833333333 ) 

    1    1
  0.83869862  0.00000000    0.06661397 -0.02656829    0.06661397  0.02656829
  0.06661397  0.02656829    0.99922194  0.00000000    0.02578957  0.11210263
  0.06661397 -0.02656829    0.02578957 -0.11210263    0.99922194  0.00000000
    1    2
  0.16502193  0.00000000   -0.07515167 -0.05380268   -0.07515167  0.05380268
 -0.07515167 -0.05380268    0.19381020 -0.01655249   -0.05002543 -0.00000000
 -0.07515167  0.05380268   -0.05002543 -0.00000000    0.19381020  0.01655249
    2    1
  0.16502193 -0.00000000   -0.07515167  0.05380268   -0.07515167 -0.05380268
 -0.07515167  0.05380268    0.19381020  0.01655249   -0.05002543  0.00000000
 -0.07515167 -0.05380268   -0.05002543  0.00000000    0.19381020 -0.01655249
    2    2
  0.83869862 -0.00000000    0.06661397  0.02656829    0.06661397 -0.02656829
  0.06661397 -0.02656829    0.99922194 -0.00000000    0.02578957 -0.11210263
  0.06661397  0.02656829    0.02578957  0.11210263    0.99922194 -0.00000000

     Dynamical  Matrix in cartesian axes

     q = (    0.833333333  -0.166666667   0.500000000 ) 

    1    1
  0.99922194  0.00000000   -0.02578957  0.11210263    0.06661397 -0.02656829
 -0.02578957 -0.11210263    0.99922194  0.00000000   -0.06661397 -0.02656829
  0.06661397  0.02656829   -0.06661397  0.02656829    0.83869862  0.00000000
    1    2
  0.19381020  0.01655249    0.05002543  0.00000000   -0.07515167  0.05380268
  0.05002543  0.00000000    0.19381020 -0.01655249    0.07515167  0.05380268
 -0.07515167  0.05380268    0.07515167  0.05380268    0.16502193  0.00000000
    2    1
  0.19381020 -0.01655249    0.05002543 -0.00000000   -0.07515167 -0.05380268
  0.05002543 -0.00000000    0.19381020  0.01655249    0.07515167 -0.05380268
 -0.07515167 -0.05380268    0.07515167 -0.05380268    0.16502193 -0.00000000
    2    2
  0.99922194  0.00000000   -0.02578957 -0.11210263    0.06661397  0.02656829
 -0.02578957  0.11210263    0.99922194  0.00000000   -0.06661397  0.02656829
  0.06661397 -0.02656829   -0.06661397 -0.02656829    0.83869862  0.00000000

     Dynamical  Matrix in cartesian axes

     q = (   -0.500000000  -0.166666667   0.833333333 ) 

    1    1
  0.83869862 -0.00000000    0.06661397  0.02656829   -0.06661397  0.02656829
  0.06661397 -0.02656829    0.99922194 -0.00000000   -0.02578957  0.11210263
 -0.06661397 -0.02656829   -0.02578957 -0.11210263    0.99922194 -0.00000000
    1    2
 -0.16502193 -0.00000000    0.07515167 -0.05380268   -0.07515167 -0.05380268
  0.07515167 -0.05380268   -0.19381020 -0.01655249   -0.05002543 -0.00000000
 -0.07515167 -0.05380268   -0.05002543 -0.00000000   -0.19381020  0.01655249
    2    1
 -0.16502193  0.00000000    0.07515167  0.05380268   -0.07515167  0.05380268
  0.07515167  0.05380268   -0.19381020  0.01655249   -0.05002543  0.00000000
 -0.07515167  0.05380268   -0.05002543  0.00000000   -0.19381020 -0.01655249
    2    2
  0.83869862  0.00000000    0.06661397 -0.02656829   -0.06661397 -0.02656829
  0.06661397  0.02656829    0.99922194  0.00000000   -0.02578957 -0.11210263
 -0.06661397  0.02656829   -0.02578957  0.11210263    0.99922194  0.00000000

     Dynamical  Matrix in cartesian axes

     q = (   -0.833333333   0.166666667   0.500000000 ) 

    1    1
  0.99922194  0.00000000   -0.02578957  0.11210263   -0.06661397  0.02656829
 -0.02578957 -0.11210263    0.99922194 -0.00000000    0.06661397  0.02656829
 -0.06661397 -0.02656829    0.06661397 -0.02656829    0.83869862  0.00000000
    1    2
 -0.19381020 -0.01655249   -0.05002543 -0.00000000   -0.07515167  0.05380268
 -0.05002543 -0.00000000   -0.19381020  0.01655249    0.07515167  0.05380268
 -0.07515167  0.05380268    0.07515167  0.05380268   -0.16502193 -0.00000000
    2    1
 -0.19381020  0.01655249   -0.05002543  0.00000000   -0.07515167 -0.05380268
 -0.05002543  0.00000000   -0.19381020 -0.01655249    0.07515167 -0.05380268
 -0.07515167 -0.05380268    0.07515167 -0.05380268   -0.16502193  0.00000000
    2    2
  0.99922194  0.00000000   -0.02578957 -0.11210263   -0.06661397 -0.02656829
 -0.02578957  0.11210263    0.99922194  0.00000000    0.06661397 -0.02656829
 -0.06661397  0.02656829    0.06661397  0.02656829    0.83869862  0.00000000

     Dynamical  Matrix in cartesian axes

     q = (    0.833333333   0.166666667  -0.500000000 ) 

    1    1
  0.99922194  0.00000000    0.02578957 -0.11210263   -0.06661397  0.02656829
  0.02578957  0.11210263    0.99922194  0.00000000   -0.06661397 -0.02656829
 -0.06661397 -0.02656829   -0.06661397  0.02656829    0.83869862  0.00000000
    1    2
 -0.19381020 -0.01655249    0.05002543  0.00000000   -0.07515167  0.05380268
  0.05002543 -0.00000000   -0.19381020  0.01655249   -0.07515167 -0.05380268
 -0.07515167  0.05380268   -0.07515167 -0.05380268   -0.16502193  0.00000000
    2    1
 -0.19381020  0.01655249    0.05002543 -0.00000000   -0.07515167 -0.05380268
  0.05002543  0.00000000   -0.19381020 -0.01655249   -0.07515167  0.05380268
 -0.07515167 -0.05380268   -0.07515167  0.05380268   -0.16502193 -0.00000000
    2    2
  0.99922194  0.00000000    0.02578957  0.11210263   -0.06661397 -0.02656829
  0.02578957 -0.11210263    0.99922194 -0.00000000   -0.06661397  0.02656829
 -0.06661397  0.02656829   -0.06661397 -0.02656829    0.83869862  0.00000000

     Dynamical  Matrix in cartesian axes

     q = (    0.833333333  -0.166666667  -0.500000000 ) 

    1    1
  0.99922194  0.00000000   -0.02578957 -0.11210263   -0.06661397 -0.02656829
 -0.02578957  0.11210263    0.99922194  0.00000000    0.06661397 -0.02656829
 -0.06661397  0.02656829    0.06661397  0.02656829    0.83869862  0.00000000
    1    2
 -0.19381020  0.01655249   -0.05002543  0.00000000   -0.07515167 -0.05380268
 -0.05002543  0.00000000   -0.19381020 -0.01655249    0.07515167 -0.05380268
 -0.07515167 -0.05380268    0.07515167 -0.05380268   -0.16502193  0.00000000
    2    1
 -0.19381020 -0.01655249   -0.05002543 -0.00000000   -0.07515167  0.05380268
 -0.05002543 -0.00000000   -0.19381020  0.01655249    0.07515167  0.05380268
 -0.07515167  0.05380268    0.07515167  0.05380268   -0.16502193 -0.00000000
    2    2
  0.99922194  0.00000000   -0.02578957  0.11210263   -0.06661397  0.02656829
 -0.02578957 -0.11210263    0.99922194 -0.00000000    0.06661397  0.02656829
 -0.06661397 -0.02656829    0.06661397 -0.02656829    0.83869862  0.00000000

     Dynamical  Matrix in cartesian axes

     q = (    0.500000000   0.166666667  -0.833333333 ) 

    1    1
  0.83869862  0.00000000    0.06661397 -0.02656829   -0.06661397 -0.02656829
  0.06661397  0.02656829    0.99922194  0.00000000   -0.02578957 -0.11210263
 -0.06661397  0.02656829   -0.02578957  0.11210263    0.99922194  0.00000000
    1    2
 -0.16502193  0.00000000    0.07515167  0.05380268   -0.07515167  0.05380268
  0.07515167  0.05380268   -0.19381020  0.01655249   -0.05002543  0.00000000
 -0.07515167  0.05380268   -0.05002543  0.00000000   -0.19381020 -0.01655249
    2    1
 -0.16502193 -0.00000000    0.07515167 -0.05380268   -0.07515167 -0.05380268
  0.07515167 -0.05380268   -0.19381020 -0.01655249   -0.05002543 -0.00000000
 -0.07515167 -0.05380268   -0.05002543 -0.00000000   -0.19381020  0.01655249
    2    2
  0.83869862 -0.00000000    0.06661397  0.02656829   -0.06661397  0.02656829
  0.06661397 -0.02656829    0.99922194 -0.00000000   -0.02578957  0.11210263
 -0.06661397 -0.02656829   -0.02578957 -0.11210263    0.99922194 -0.00000000

     Dynamical  Matrix in cartesian axes

     q = (   -0.500000000   0.166666667   0.833333333 ) 

    1    1
  0.83869862  0.00000000   -0.06661397  0.02656829   -0.06661397 -0.02656829
 -0.06661397 -0.02656829    0.99922194 -0.00000000    0.02578957  0.11210263
 -0.06661397  0.02656829    0.02578957 -0.11210263    0.99922194 -0.00000000
    1    2
 -0.16502193  0.00000000   -0.07515167 -0.05380268   -0.07515167  0.05380268
 -0.07515167 -0.05380268   -0.19381020  0.01655249    0.05002543 -0.00000000
 -0.07515167  0.05380268    0.05002543 -0.00000000   -0.19381020 -0.01655249
    2    1
 -0.16502193 -0.00000000   -0.07515167  0.05380268   -0.07515167 -0.05380268
 -0.07515167  0.05380268   -0.19381020 -0.01655249    0.05002543  0.00000000
 -0.07515167 -0.05380268    0.05002543  0.00000000   -0.19381020  0.01655249
    2    2
  0.83869862  0.00000000   -0.06661397 -0.02656829   -0.06661397  0.02656829
 -0.06661397  0.02656829    0.99922194  0.00000000    0.02578957 -0.11210263
 -0.06661397 -0.02656829    0.02578957  0.11210263    0.99922194  0.00000000

     Dynamical  Matrix in cartesian axes

     q = (   -0.500000000   0.166666667  -0.833333333 ) 

    1    1
  0.83869862  0.00000000   -0.06661397 -0.02656829    0.06661397 -0.02656829
 -0.06661397  0.02656829    0.99922194  0.00000000   -0.02578957  0.11210263
  0.06661397  0.02656829   -0.02578957 -0.11210263    0.99922194 -0.00000000
    1    2
 -0.16502193  0.00000000   -0.07515167  0.05380268    0.07515167  0.05380268
 -0.07515167  0.05380268   -0.19381020 -0.01655249   -0.05002543  0.00000000
  0.07515167  0.05380268   -0.05002543  0.00000000   -0.19381020  0.01655249
    2    1
 -0.16502193 -0.00000000   -0.07515167 -0.05380268    0.07515167 -0.05380268
 -0.07515167 -0.05380268   -0.19381020  0.01655249   -0.05002543 -0.00000000
  0.07515167 -0.05380268   -0.05002543 -0.00000000   -0.19381020 -0.01655249
    2    2
  0.83869862  0.00000000   -0.06661397  0.02656829    0.06661397  0.02656829
 -0.06661397 -0.02656829    0.99922194  0.00000000   -0.02578957 -0.11210263
  0.06661397 -0.02656829   -0.02578957  0.11210263    0.99922194  0.00000000

     Dynamical  Matrix in cartesian axes

     q = (   -0.833333333   0.166666667  -0.500000000 ) 

    1    1
  0.99922194  0.00000000   -0.02578957 -0.11210263    0.06661397  0.02656829
 -0.02578957  0.11210263    0.99922194  0.00000000   -0.06661397  0.02656829
  0.06661397 -0.02656829   -0.06661397 -0.02656829    0.83869862  0.00000000
    1    2
  0.19381020 -0.01655249    0.05002543 -0.00000000   -0.07515167 -0.05380268
  0.05002543 -0.00000000    0.19381020  0.01655249    0.07515167 -0.05380268
 -0.07515167 -0.05380268    0.07515167 -0.05380268    0.16502193 -0.00000000
    2    1
  0.19381020  0.01655249    0.05002543  0.00000000   -0.07515167  0.05380268
  0.05002543  0.00000000    0.19381020 -0.01655249    0.07515167  0.05380268
 -0.07515167  0.05380268    0.07515167  0.05380268    0.16502193  0.00000000
    2    2
  0.99922194  0.00000000   -0.02578957  0.11210263    0.06661397 -0.02656829
 -0.02578957 -0.11210263    0.99922194  0.00000000   -0.06661397 -0.02656829
  0.06661397  0.02656829   -0.06661397  0.02656829    0.83869862  0.00000000

     Dynamical  Matrix in cartesian axes

     q = (    0.833333333  -0.500000000   0.166666667 ) 

    1    1
  0.99922194  0.00000000   -0.06661397  0.02656829    0.02578957 -0.11210263
 -0.06661397 -0.02656829    0.83869862  0.00000000   -0.06661397  0.02656829
  0.02578957  0.11210263   -0.06661397 -0.02656829    0.99922194 -0.00000000
    1    2
 -0.19381020 -0.01655249   -0.07515167  0.05380268    0.05002543  0.00000000
 -0.07515167  0.05380268   -0.16502193  0.00000000   -0.07515167 -0.05380268
  0.05002543 -0.00000000   -0.07515167 -0.05380268   -0.19381020  0.01655249
    2    1
 -0.19381020  0.01655249   -0.07515167 -0.05380268    0.05002543 -0.00000000
 -0.07515167 -0.05380268   -0.16502193 -0.00000000   -0.07515167  0.05380268
  0.05002543  0.00000000   -0.07515167  0.05380268   -0.19381020 -0.01655249
    2    2
  0.99922194  0.00000000   -0.06661397 -0.02656829    0.02578957  0.11210263
 -0.06661397  0.02656829    0.83869862  0.00000000   -0.06661397 -0.02656829
  0.02578957 -0.11210263   -0.06661397  0.02656829    0.99922194  0.00000000

     Dynamical  Matrix in cartesian axes

     q = (    0.833333333   0.500000000  -0.166666667 ) 

    1    1
  0.99922194 -0.00000000    0.06661397 -0.02656829   -0.02578957  0.11210263
  0.06661397  0.02656829    0.83869862 -0.00000000   -0.06661397  0.02656829
 -0.02578957 -0.11210263   -0.06661397 -0.02656829    0.99922194 -0.00000000
    1    2
  0.19381020  0.01655249   -0.07515167  0.05380268    0.05002543  0.00000000
 -0.07515167  0.05380268    0.16502193  0.00000000    0.07515167  0.05380268
  0.05002543  0.00000000    0.07515167  0.05380268    0.19381020 -0.01655249
    2    1
  0.19381020 -0.01655249   -0.07515167 -0.05380268    0.05002543 -0.00000000
 -0.07515167 -0.05380268    0.16502193 -0.00000000    0.07515167 -0.05380268
  0.05002543 -0.00000000    0.07515167 -0.05380268    0.19381020  0.01655249
    2    2
  0.99922194  0.00000000    0.06661397  0.02656829   -0.02578957 -0.11210263
  0.06661397 -0.02656829    0.83869862  0.00000000   -0.06661397 -0.02656829
 -0.02578957  0.11210263   -0.06661397  0.02656829    0.99922194  0.00000000

     Dynamical  Matrix in cartesian axes

     q = (   -0.833333333  -0.500000000  -0.166666667 ) 

    1    1
  0.99922194 -0.00000000    0.06661397 -0.02656829    0.02578957 -0.11210263
  0.06661397  0.02656829    0.83869862 -0.00000000    0.06661397 -0.02656829
  0.02578957  0.11210263    0.06661397  0.02656829    0.99922194 -0.00000000
    1    2
 -0.19381020 -0.01655249    0.07515167 -0.05380268    0.05002543  0.00000000
  0.07515167 -0.05380268   -0.16502193 -0.00000000    0.07515167  0.05380268
  0.05002543 -0.00000000    0.07515167  0.05380268   -0.19381020  0.01655249
    2    1
 -0.19381020  0.01655249    0.07515167  0.05380268    0.05002543 -0.00000000
  0.07515167  0.05380268   -0.16502193  0.00000000    0.07515167 -0.05380268
  0.05002543  0.00000000    0.07515167 -0.05380268   -0.19381020 -0.01655249
    2    2
  0.99922194  0.00000000    0.06661397  0.02656829    0.02578957  0.11210263
  0.06661397 -0.02656829    0.83869862  0.00000000    0.06661397  0.02656829
  0.02578957 -0.11210263    0.06661397 -0.02656829    0.99922194  0.00000000

     Dynamical  Matrix in cartesian axes

     q = (   -0.833333333   0.500000000   0.166666667 ) 

    1    1
  0.99922194  0.00000000   -0.06661397  0.02656829   -0.02578957  0.11210263
 -0.06661397 -0.02656829    0.83869862  0.00000000    0.06661397 -0.02656829
 -0.02578957 -0.11210263    0.06661397  0.02656829    0.99922194  0.00000000
    1    2
 -0.19381020 -0.01655249   -0.07515167  0.05380268   -0.05002543  0.00000000
 -0.07515167  0.05380268   -0.16502193  0.00000000    0.07515167  0.05380268
 -0.05002543  0.00000000    0.07515167  0.05380268   -0.19381020  0.01655249
    2    1
 -0.19381020  0.01655249   -0.07515167 -0.05380268   -0.05002543 -0.00000000
 -0.07515167 -0.05380268   -0.16502193 -0.00000000    0.07515167 -0.05380268
 -0.05002543 -0.00000000    0.07515167 -0.05380268   -0.19381020 -0.01655249
    2    2
  0.99922194  0.00000000   -0.06661397 -0.02656829   -0.02578957 -0.11210263
 -0.06661397  0.02656829    0.83869862  0.00000000    0.06661397  0.02656829
 -0.02578957  0.11210263    0.06661397 -0.02656829    0.99922194 -0.00000000

     Dynamical  Matrix in cartesian axes

     q = (    0.166666667  -0.500000000   0.833333333 ) 

    1    1
  0.99922194  0.00000000   -0.06661397 -0.02656829    0.02578957  0.11210263
 -0.06661397  0.02656829    0.83869862  0.00000000   -0.06661397 -0.02656829
  0.02578957 -0.11210263   -0.06661397  0.02656829    0.99922194  0.00000000
    1    2
 -0.19381020  0.01655249   -0.07515167 -0.05380268    0.05002543  0.00000000
 -0.07515167 -0.05380268   -0.16502193 -0.00000000   -0.07515167  0.05380268
  0.05002543  0.00000000   -0.07515167  0.05380268   -0.19381020 -0.01655249
    2    1
 -0.19381020 -0.01655249   -0.07515167  0.05380268    0.05002543 -0.00000000
 -0.07515167  0.05380268   -0.16502193  0.00000000   -0.07515167 -0.05380268
  0.05002543 -0.00000000   -0.07515167 -0.05380268   -0.19381020  0.01655249
    2    2
  0.99922194  0.00000000   -0.06661397  0.02656829    0.02578957 -0.11210263
 -0.06661397 -0.02656829    0.83869862  0.00000000   -0.06661397  0.02656829
  0.02578957  0.11210263   -0.06661397 -0.02656829    0.99922194 -0.00000000

     Dynamical  Matrix in cartesian axes

     q = (   -0.166666667   0.500000000   0.833333333 ) 

    1    1
  0.99922194  0.00000000   -0.06661397 -0.02656829   -0.02578957 -0.11210263
 -0.06661397  0.02656829    0.83869862  0.00000000    0.06661397  0.02656829
 -0.02578957  0.11210263    0.06661397 -0.02656829    0.99922194 -0.00000000
    1    2
 -0.19381020  0.01655249   -0.07515167 -0.05380268   -0.05002543  0.00000000
 -0.07515167 -0.05380268   -0.16502193  0.00000000    0.07515167 -0.05380268
 -0.05002543  0.00000000    0.07515167 -0.05380268   -0.19381020 -0.01655249
    2    1
 -0.19381020 -0.01655249   -0.07515167  0.05380268   -0.05002543 -0.00000000
 -0.07515167  0.05380268   -0.16502193 -0.00000000    0.07515167  0.05380268
 -0.05002543 -0.00000000    0.07515167  0.05380268   -0.19381020  0.01655249
    2    2
  0.99922194  0.00000000   -0.06661397  0.02656829   -0.02578957  0.11210263
 -0.06661397 -0.02656829    0.83869862  0.00000000    0.06661397 -0.02656829
 -0.02578957 -0.11210263    0.06661397  0.02656829    0.99922194  0.00000000

     Dynamical  Matrix in cartesian axes

     q = (    0.166666667   0.500000000  -0.833333333 ) 

    1    1
  0.99922194  0.00000000    0.06661397  0.02656829   -0.02578957 -0.11210263
  0.06661397 -0.02656829    0.83869862  0.00000000   -0.06661397 -0.02656829
 -0.02578957  0.11210263   -0.06661397  0.02656829    0.99922194  0.00000000
    1    2
  0.19381020 -0.01655249   -0.07515167 -0.05380268    0.05002543  0.00000000
 -0.07515167 -0.05380268    0.16502193  0.00000000    0.07515167 -0.05380268
  0.05002543  0.00000000    0.07515167 -0.05380268    0.19381020  0.01655249
    2    1
  0.19381020  0.01655249   -0.07515167  0.05380268    0.05002543 -0.00000000
 -0.07515167  0.05380268    0.16502193 -0.00000000    0.07515167  0.05380268
  0.05002543 -0.00000000    0.07515167  0.05380268    0.19381020 -0.01655249
    2    2
  0.99922194 -0.00000000    0.06661397 -0.02656829   -0.02578957  0.11210263
  0.06661397  0.02656829    0.83869862 -0.00000000   -0.06661397  0.02656829
 -0.02578957 -0.11210263   -0.06661397 -0.02656829    0.99922194 -0.00000000

     Dynamical  Matrix in cartesian axes

     q = (   -0.166666667  -0.500000000  -0.833333333 ) 

    1    1
  0.99922194  0.00000000    0.06661397  0.02656829    0.02578957  0.11210263
  0.06661397 -0.02656829    0.83869862  0.00000000    0.06661397  0.02656829
  0.02578957 -0.11210263    0.06661397 -0.02656829    0.99922194  0.00000000
    1    2
 -0.19381020  0.01655249    0.07515167  0.05380268    0.05002543 -0.00000000
  0.07515167  0.05380268   -0.16502193  0.00000000    0.07515167 -0.05380268
  0.05002543 -0.00000000    0.07515167 -0.05380268   -0.19381020 -0.01655249
    2    1
 -0.19381020 -0.01655249    0.07515167 -0.05380268    0.05002543  0.00000000
  0.07515167 -0.05380268   -0.16502193 -0.00000000    0.07515167  0.05380268
  0.05002543  0.00000000    0.07515167  0.05380268   -0.19381020  0.01655249
    2    2
  0.99922194 -0.00000000    0.06661397 -0.02656829    0.02578957 -0.11210263
  0.06661397  0.02656829    0.83869862 -0.00000000    0.06661397 -0.02656829
  0.02578957  0.11210263    0.06661397  0.02656829    0.99922194 -0.00000000

     Dynamical  Matrix in cartesian axes

     q = (   -0.500000000   0.833333333   0.166666667 ) 

    1    1
  0.83869862  0.00000000   -0.06661397 -0.02656829   -0.06661397  0.02656829
 -0.06661397  0.02656829    0.99922194  0.00000000    0.02578957 -0.11210263
 -0.06661397 -0.02656829    0.02578957  0.11210263    0.99922194  0.00000000
    1    2
 -0.16502193  0.00000000   -0.07515167  0.05380268   -0.07515167 -0.05380268
 -0.07515167  0.05380268   -0.19381020 -0.01655249    0.05002543 -0.00000000
 -0.07515167 -0.05380268    0.05002543 -0.00000000   -0.19381020  0.01655249
    2    1
 -0.16502193 -0.00000000   -0.07515167 -0.05380268   -0.07515167  0.05380268
 -0.07515167 -0.05380268   -0.19381020  0.01655249    0.05002543  0.00000000
 -0.07515167  0.05380268    0.05002543  0.00000000   -0.19381020 -0.01655249
    2    2
  0.83869862  0.00000000   -0.06661397  0.02656829   -0.06661397 -0.02656829
 -0.06661397 -0.02656829    0.99922194 -0.00000000    0.02578957  0.11210263
 -0.06661397  0.02656829    0.02578957 -0.11210263    0.99922194 -0.00000000

     Diagonalizing the dynamical matrix

     q = (    0.500000000  -0.166666667   0.833333333 ) 

 **************************************************************************
     freq (    1) =      23.333191 [THz] =     778.311490 [cm-1]
 ( -0.607091  0.060307 -0.252788 -0.000000  0.247848 -0.049732 ) 
 ( -0.607091  0.060307 -0.247848  0.049732  0.252788  0.000000 ) 
     freq (    2) =      26.422737 [THz] =     881.367628 [cm-1]
 (  0.016565  0.081559  0.496525 -0.000000  0.457184 -0.193700 ) 
 ( -0.016565 -0.081559  0.457184 -0.193700  0.496525  0.000000 ) 
     freq (    3) =      30.021271 [THz] =    1001.401805 [cm-1]
 ( -0.252815 -0.157421  0.453488 -0.000000 -0.200086 -0.406961 ) 
 ( -0.252815 -0.157421  0.200086  0.406961 -0.453488  0.000000 ) 
     freq (    4) =      31.548258 [THz] =    1052.336629 [cm-1]
 ( -0.563791 -0.411818  0.079202  0.000000 -0.024090 -0.075449 ) 
 (  0.563791  0.411818 -0.024090 -0.075449  0.079202  0.000000 ) 
     freq (    5) =      34.326947 [THz] =    1145.023712 [cm-1]
 (  0.073270 -0.015848  0.497182 -0.000000 -0.452742  0.205463 ) 
 ( -0.073270  0.015848 -0.452742  0.205463  0.497182  0.000000 ) 
     freq (    6) =      36.020742 [THz] =    1201.522629 [cm-1]
 (  0.080860 -0.180468 -0.480048  0.000000 -0.319529 -0.358256 ) 
 (  0.080860 -0.180468  0.319529  0.358256  0.480048  0.000000 ) 
 **************************************************************************
