Dynamical matrix file
default                                                                    
  1    2  2  6.7568759  0.0000000  0.0000000  0.0000000  0.0000000  0.0000000
           1  'C   '    10937.330905587271     
    1    1     -0.1250000000      0.1250000000      0.1250000000
    2    1     -0.8750000000      0.8750000000      0.8750000000

     Dynamical  Matrix in cartesian axes

     q = (   -0.333333333   0.333333333  -0.333333333 ) 

    1    1
  0.90117488  0.00000000   -0.10407561  0.00000000    0.10407561  0.00000000
 -0.10407561  0.00000000    0.90117488  0.00000000   -0.10407561  0.00000000
  0.10407561  0.00000000   -0.10407561  0.00000000    0.90117488  0.00000000
    1    2
  0.12726644  0.51191530    0.06303826  0.03644578   -0.06303826 -0.03644578
  0.06303826  0.03644578    0.12726644  0.51191530    0.06303826  0.03644578
 -0.06303826 -0.03644578    0.06303826  0.03644578    0.12726644  0.51191530
    2    1
  0.12726644 -0.51191530    0.06303826 -0.03644578   -0.06303826  0.03644578
  0.06303826 -0.03644578    0.12726644 -0.51191530    0.06303826 -0.03644578
 -0.06303826  0.03644578    0.06303826 -0.03644578    0.12726644 -0.51191530
    2    2
  0.90117488  0.00000000   -0.10407561  0.00000000    0.10407561  0.00000000
 -0.10407561  0.00000000    0.90117488  0.00000000   -0.10407561  0.00000000
  0.10407561  0.00000000   -0.10407561  0.00000000    0.90117488  0.00000000

     Dynamical  Matrix in cartesian axes

     q = (    0.333333333   0.333333333   0.333333333 ) 

    1    1
  0.90117488  0.00000000    0.10407561  0.00000000    0.10407561  0.00000000
  0.10407561  0.00000000    0.90117488  0.00000000    0.10407561  0.00000000
  0.10407561  0.00000000    0.10407561  0.00000000    0.90117488  0.00000000
    1    2
  0.12726644  0.51191530   -0.06303826 -0.03644578   -0.06303826 -0.03644578
 -0.06303826 -0.03644578    0.12726644  0.51191530   -0.06303826 -0.03644578
 -0.06303826 -0.03644578   -0.06303826 -0.03644578    0.12726644  0.51191530
    2    1
  0.12726644 -0.51191530   -0.06303826  0.03644578   -0.06303826  0.03644578
 -0.06303826  0.03644578    0.12726644 -0.51191530   -0.06303826  0.03644578
 -0.06303826  0.03644578   -0.06303826  0.03644578    0.12726644 -0.51191530
    2    2
  0.90117488  0.00000000    0.10407561  0.00000000    0.10407561  0.00000000
  0.10407561  0.00000000    0.90117488  0.00000000    0.10407561  0.00000000
  0.10407561  0.00000000    0.10407561  0.00000000    0.90117488  0.00000000

     Dynamical  Matrix in cartesian axes

     q = (   -0.333333333  -0.333333333  -0.333333333 ) 

    1    1
  0.90117488  0.00000000    0.10407561  0.00000000    0.10407561  0.00000000
  0.10407561  0.00000000    0.90117488  0.00000000    0.10407561  0.00000000
  0.10407561  0.00000000    0.10407561  0.00000000    0.90117488  0.00000000
    1    2
  0.12726644 -0.51191530   -0.06303826  0.03644578   -0.06303826  0.03644578
 -0.06303826  0.03644578    0.12726644 -0.51191530   -0.06303826  0.03644578
 -0.06303826  0.03644578   -0.06303826  0.03644578    0.12726644 -0.51191530
    2    1
  0.12726644  0.51191530   -0.06303826 -0.03644578   -0.06303826 -0.03644578
 -0.06303826 -0.03644578    0.12726644  0.51191530   -0.06303826 -0.03644578
 -0.06303826 -0.03644578   -0.06303826 -0.03644578    0.12726644  0.51191530
    2    2
  0.90117488  0.00000000    0.10407561  0.00000000    0.10407561  0.00000000
  0.10407561  0.00000000    0.90117488  0.00000000    0.10407561  0.00000000
  0.10407561  0.00000000    0.10407561  0.00000000    0.90117488  0.00000000

     Dynamical  Matrix in cartesian axes

     q = (    0.333333333  -0.333333333   0.333333333 ) 

    1    1
  0.90117488  0.00000000   -0.10407561  0.00000000    0.10407561  0.00000000
 -0.10407561  0.00000000    0.90117488  0.00000000   -0.10407561  0.00000000
  0.10407561  0.00000000   -0.10407561  0.00000000    0.90117488  0.00000000
    1    2
  0.12726644 -0.51191530    0.06303826 -0.03644578   -0.06303826  0.03644578
  0.06303826 -0.03644578    0.12726644 -0.51191530    0.06303826 -0.03644578
 -0.06303826  0.03644578    0.06303826 -0.03644578    0.12726644 -0.51191530
    2    1
  0.12726644  0.51191530    0.06303826  0.03644578   -0.06303826 -0.03644578
  0.06303826  0.03644578    0.12726644  0.51191530    0.06303826  0.03644578
 -0.06303826 -0.03644578    0.06303826  0.03644578    0.12726644  0.51191530
    2    2
  0.90117488  0.00000000   -0.10407561  0.00000000    0.10407561  0.00000000
 -0.10407561  0.00000000    0.90117488  0.00000000   -0.10407561  0.00000000
  0.10407561  0.00000000   -0.10407561  0.00000000    0.90117488  0.00000000

     Dynamical  Matrix in cartesian axes

     q = (    0.333333333  -0.333333333  -0.333333333 ) 

    1    1
  0.90117488  0.00000000   -0.10407561  0.00000000   -0.10407561  0.00000000
 -0.10407561  0.00000000    0.90117488  0.00000000    0.10407561  0.00000000
 -0.10407561  0.00000000    0.10407561  0.00000000    0.90117488  0.00000000
    1    2
  0.12726644  0.51191530    0.06303826  0.03644578    0.06303826  0.03644578
  0.06303826  0.03644578    0.12726644  0.51191530   -0.06303826 -0.03644578
  0.06303826  0.03644578   -0.06303826 -0.03644578    0.12726644  0.51191530
    2    1
  0.12726644 -0.51191530    0.06303826 -0.03644578    0.06303826 -0.03644578
  0.06303826 -0.03644578    0.12726644 -0.51191530   -0.06303826  0.03644578
  0.06303826 -0.03644578   -0.06303826  0.03644578    0.12726644 -0.51191530
    2    2
  0.90117488  0.00000000   -0.10407561  0.00000000   -0.10407561  0.00000000
 -0.10407561  0.00000000    0.90117488  0.00000000    0.10407561  0.00000000
 -0.10407561  0.00000000    0.10407561  0.00000000    0.90117488  0.00000000

     Dynamical  Matrix in cartesian axes

     q = (    0.333333333   0.333333333  -0.333333333 ) 

    1    1
  0.90117488  0.00000000    0.10407561  0.00000000   -0.10407561  0.00000000
  0.10407561  0.00000000    0.90117488  0.00000000   -0.10407561  0.00000000
 -0.10407561  0.00000000   -0.10407561  0.00000000    0.90117488  0.00000000
    1    2
  0.12726644 -0.51191530   -0.06303826  0.03644578    0.06303826 -0.03644578
 -0.06303826  0.03644578    0.12726644 -0.51191530    0.06303826 -0.03644578
  0.06303826 -0.03644578    0.06303826 -0.03644578    0.12726644 -0.51191530
    2    1
  0.12726644  0.51191530   -0.06303826 -0.03644578    0.06303826  0.03644578
 -0.06303826 -0.03644578    0.12726644  0.51191530    0.06303826  0.03644578
  0.06303826  0.03644578    0.06303826  0.03644578    0.12726644  0.51191530
    2    2
  0.90117488  0.00000000    0.10407561  0.00000000   -0.10407561  0.00000000
  0.10407561  0.00000000    0.90117488  0.00000000   -0.10407561  0.00000000
 -0.10407561  0.00000000   -0.10407561  0.00000000    0.90117488  0.00000000

     Dynamical  Matrix in cartesian axes

     q = (   -0.333333333  -0.333333333   0.333333333 ) 

    1    1
  0.90117488  0.00000000    0.10407561  0.00000000   -0.10407561  0.00000000
  0.10407561  0.00000000    0.90117488  0.00000000   -0.10407561  0.00000000
 -0.10407561  0.00000000   -0.10407561  0.00000000    0.90117488  0.00000000
    1    2
  0.12726644  0.51191530   -0.06303826 -0.03644578    0.06303826  0.03644578
 -0.06303826 -0.03644578    0.12726644  0.51191530    0.06303826  0.03644578
  0.06303826  0.03644578    0.06303826  0.03644578    0.12726644  0.51191530
    2    1
  0.12726644 -0.51191530   -0.06303826  0.03644578    0.06303826 -0.03644578
 -0.06303826  0.03644578    0.12726644 -0.51191530    0.06303826 -0.03644578
  0.06303826 -0.03644578    0.06303826 -0.03644578    0.12726644 -0.51191530
    2    2
  0.90117488  0.00000000    0.10407561  0.00000000   -0.10407561  0.00000000
  0.10407561  0.00000000    0.90117488  0.00000000   -0.10407561  0.00000000
 -0.10407561  0.00000000   -0.10407561  0.00000000    0.90117488  0.00000000

     Dynamical  Matrix in cartesian axes

     q = (   -0.333333333   0.333333333   0.333333333 ) 

    1    1
  0.90117488  0.00000000   -0.10407561  0.00000000   -0.10407561  0.00000000
 -0.10407561  0.00000000    0.90117488  0.00000000    0.10407561  0.00000000
 -0.10407561  0.00000000    0.10407561  0.00000000    0.90117488  0.00000000
    1    2
  0.12726644 -0.51191530    0.06303826 -0.03644578    0.06303826 -0.03644578
  0.06303826 -0.03644578    0.12726644 -0.51191530   -0.06303826  0.03644578
  0.06303826 -0.03644578   -0.06303826  0.03644578    0.12726644 -0.51191530
    2    1
  0.12726644  0.51191530    0.06303826  0.03644578    0.06303826  0.03644578
  0.06303826  0.03644578    0.12726644  0.51191530   -0.06303826 -0.03644578
  0.06303826  0.03644578   -0.06303826 -0.03644578    0.12726644  0.51191530
    2    2
  0.90117488  0.00000000   -0.10407561  0.00000000   -0.10407561  0.00000000
 -0.10407561  0.00000000    0.90117488  0.00000000    0.10407561  0.00000000
 -0.10407561  0.00000000    0.10407561  0.00000000    0.90117488  0.00000000

     Diagonalizing the dynamical matrix

     q = (   -0.333333333   0.333333333  -0.333333333 ) 

 **************************************************************************
     freq (    1) =      14.642106 [THz] =     488.408083 [cm-1]
 (  0.213635 -0.427083  0.195162 -0.480310 -0.018472 -0.053227 ) 
 (  0.333434  0.341850  0.389776  0.341850  0.056342  0.000000 ) 
     freq (    2) =      14.642106 [THz] =     488.408083 [cm-1]
 ( -0.074151 -0.315904  0.114236  0.226930  0.188387  0.542835 ) 
 (  0.322754  0.033520 -0.251840  0.033520 -0.574595  0.000000 ) 
     freq (    3) =      25.754565 [THz] =     859.079802 [cm-1]
 (  0.001107  0.408247 -0.001107 -0.408247  0.001107  0.408247 ) 
 ( -0.408248 -0.000000  0.408248 -0.000000 -0.408248  0.000000 ) 
     freq (    4) =      36.920881 [THz] =    1231.548025 [cm-1]
 ( -0.351495  0.098460 -0.235764  0.431938  0.115731  0.333478 ) 
 ( -0.022223  0.364348  0.330766  0.364348  0.352989  0.000000 ) 
     freq (    5) =      36.920881 [THz] =    1231.548025 [cm-1]
 (  0.151969 -0.420708  0.301760  0.010911  0.149790  0.431619 ) 
 ( -0.347629 -0.281503  0.109243 -0.281503  0.456872  0.000000 ) 
     freq (    6) =      39.143002 [THz] =    1305.670003 [cm-1]
 (  0.001107  0.408247 -0.001107 -0.408247  0.001107  0.408247 ) 
 (  0.408248  0.000000 -0.408248  0.000000  0.408248  0.000000 ) 
 **************************************************************************
