Dynamical matrix file
default                                                                    
  1    2  2  6.7568759  0.0000000  0.0000000  0.0000000  0.0000000  0.0000000
           1  'C   '    10937.330905587271     
    1    1     -0.1250000000      0.1250000000      0.1250000000
    2    1     -0.8750000000      0.8750000000      0.8750000000

     Dynamical  Matrix in cartesian axes

     q = (    0.666666667  -0.333333333   1.000000000 ) 

    1    1
  0.81911656  0.00000000   -0.09081357  0.00000000    0.00000000  0.02424998
 -0.09081357  0.00000000    1.06179238  0.00000000    0.00000000 -0.08159105
  0.00000000 -0.02424998   -0.00000000  0.08159105    0.89025924  0.00000000
    1    2
 -0.00000000 -0.28986898   -0.00000000 -0.03760685    0.11446181 -0.00000000
 -0.00000000 -0.03760685   -0.00000000 -0.31833041   -0.04870279 -0.00000000
  0.11446181 -0.00000000   -0.04870279  0.00000000   -0.00000000 -0.31993472
    2    1
 -0.00000000  0.28986898   -0.00000000  0.03760685    0.11446181  0.00000000
 -0.00000000  0.03760685   -0.00000000  0.31833041   -0.04870279  0.00000000
  0.11446181  0.00000000   -0.04870279  0.00000000   -0.00000000  0.31993472
    2    2
  0.81911656  0.00000000   -0.09081357  0.00000000    0.00000000 -0.02424998
 -0.09081357  0.00000000    1.06179238  0.00000000    0.00000000  0.08159105
  0.00000000  0.02424998    0.00000000 -0.08159105    0.89025924  0.00000000

     Dynamical  Matrix in cartesian axes

     q = (    1.000000000   0.333333333   0.666666667 ) 

    1    1
  0.89025924 -0.00000000    0.00000000  0.08159105    0.00000000  0.02424998
  0.00000000 -0.08159105    1.06179238  0.00000000    0.09081357 -0.00000000
  0.00000000 -0.02424998    0.09081357 -0.00000000    0.81911656 -0.00000000
    1    2
 -0.00000000  0.31993472    0.04870279 -0.00000000    0.11446181  0.00000000
  0.04870279  0.00000000   -0.00000000  0.31833041    0.00000000 -0.03760685
  0.11446181  0.00000000    0.00000000 -0.03760685   -0.00000000  0.28986898
    2    1
 -0.00000000 -0.31993472    0.04870279 -0.00000000    0.11446181 -0.00000000
  0.04870279  0.00000000   -0.00000000 -0.31833041    0.00000000  0.03760685
  0.11446181 -0.00000000    0.00000000  0.03760685   -0.00000000 -0.28986898
    2    2
  0.89025924  0.00000000    0.00000000 -0.08159105    0.00000000 -0.02424998
  0.00000000  0.08159105    1.06179238  0.00000000    0.09081357  0.00000000
  0.00000000  0.02424998    0.09081357  0.00000000    0.81911656  0.00000000

     Dynamical  Matrix in cartesian axes

     q = (    0.666666667   0.333333333   1.000000000 ) 

    1    1
  0.81911656  0.00000000    0.09081357 -0.00000000   -0.00000000 -0.02424998
  0.09081357 -0.00000000    1.06179238  0.00000000   -0.00000000 -0.08159105
 -0.00000000  0.02424998    0.00000000  0.08159105    0.89025924 -0.00000000
    1    2
  0.00000000 -0.28986898   -0.00000000  0.03760685   -0.11446181 -0.00000000
 -0.00000000  0.03760685    0.00000000 -0.31833041   -0.04870279 -0.00000000
 -0.11446181  0.00000000   -0.04870279  0.00000000    0.00000000 -0.31993472
    2    1
  0.00000000  0.28986898   -0.00000000 -0.03760685   -0.11446181  0.00000000
 -0.00000000 -0.03760685    0.00000000  0.31833041   -0.04870279  0.00000000
 -0.11446181  0.00000000   -0.04870279  0.00000000    0.00000000  0.31993472
    2    2
  0.81911656 -0.00000000    0.09081357 -0.00000000    0.00000000  0.02424998
  0.09081357 -0.00000000    1.06179238  0.00000000    0.00000000  0.08159105
 -0.00000000 -0.02424998   -0.00000000 -0.08159105    0.89025924  0.00000000

     Dynamical  Matrix in cartesian axes

     q = (   -1.000000000  -0.333333333   0.666666667 ) 

    1    1
  0.89025924  0.00000000    0.00000000  0.08159105    0.00000000 -0.02424998
 -0.00000000 -0.08159105    1.06179238 -0.00000000   -0.09081357  0.00000000
 -0.00000000  0.02424998   -0.09081357 -0.00000000    0.81911656 -0.00000000
    1    2
 -0.00000000  0.31993472    0.04870279 -0.00000000   -0.11446181 -0.00000000
  0.04870279  0.00000000   -0.00000000  0.31833041   -0.00000000  0.03760685
 -0.11446181 -0.00000000   -0.00000000  0.03760685   -0.00000000  0.28986898
    2    1
 -0.00000000 -0.31993472    0.04870279 -0.00000000   -0.11446181  0.00000000
  0.04870279 -0.00000000   -0.00000000 -0.31833041   -0.00000000 -0.03760685
 -0.11446181  0.00000000   -0.00000000 -0.03760685   -0.00000000 -0.28986898
    2    2
  0.89025924  0.00000000    0.00000000 -0.08159105   -0.00000000  0.02424998
  0.00000000  0.08159105    1.06179238  0.00000000   -0.09081357 -0.00000000
 -0.00000000 -0.02424998   -0.09081357  0.00000000    0.81911656  0.00000000

     Dynamical  Matrix in cartesian axes

     q = (   -1.000000000  -0.333333333  -0.666666667 ) 

    1    1
  0.89025924  0.00000000    0.00000000 -0.08159105    0.00000000 -0.02424998
  0.00000000  0.08159105    1.06179238  0.00000000    0.09081357  0.00000000
  0.00000000  0.02424998    0.09081357  0.00000000    0.81911656  0.00000000
    1    2
 -0.00000000 -0.31993472    0.04870279 -0.00000000    0.11446181 -0.00000000
  0.04870279  0.00000000   -0.00000000 -0.31833041    0.00000000  0.03760685
  0.11446181 -0.00000000    0.00000000  0.03760685   -0.00000000 -0.28986898
    2    1
 -0.00000000  0.31993472    0.04870279 -0.00000000    0.11446181  0.00000000
  0.04870279  0.00000000   -0.00000000  0.31833041    0.00000000 -0.03760685
  0.11446181  0.00000000    0.00000000 -0.03760685   -0.00000000  0.28986898
    2    2
  0.89025924 -0.00000000    0.00000000  0.08159105    0.00000000  0.02424998
  0.00000000 -0.08159105    1.06179238  0.00000000    0.09081357 -0.00000000
  0.00000000 -0.02424998    0.09081357 -0.00000000    0.81911656 -0.00000000

     Dynamical  Matrix in cartesian axes

     q = (   -0.666666667  -0.333333333  -1.000000000 ) 

    1    1
  0.81911656 -0.00000000    0.09081357 -0.00000000    0.00000000  0.02424998
  0.09081357 -0.00000000    1.06179238  0.00000000    0.00000000  0.08159105
 -0.00000000 -0.02424998   -0.00000000 -0.08159105    0.89025924  0.00000000
    1    2
  0.00000000  0.28986898   -0.00000000 -0.03760685   -0.11446181  0.00000000
 -0.00000000 -0.03760685    0.00000000  0.31833041   -0.04870279  0.00000000
 -0.11446181  0.00000000   -0.04870279  0.00000000    0.00000000  0.31993472
    2    1
  0.00000000 -0.28986898   -0.00000000  0.03760685   -0.11446181 -0.00000000
 -0.00000000  0.03760685    0.00000000 -0.31833041   -0.04870279 -0.00000000
 -0.11446181  0.00000000   -0.04870279  0.00000000    0.00000000 -0.31993472
    2    2
  0.81911656  0.00000000    0.09081357 -0.00000000   -0.00000000 -0.02424998
  0.09081357 -0.00000000    1.06179238  0.00000000   -0.00000000 -0.08159105
 -0.00000000  0.02424998    0.00000000  0.08159105    0.89025924 -0.00000000

     Dynamical  Matrix in cartesian axes

     q = (    1.000000000   0.333333333  -0.666666667 ) 

    1    1
  0.89025924  0.00000000    0.00000000 -0.08159105   -0.00000000  0.02424998
  0.00000000  0.08159105    1.06179238  0.00000000   -0.09081357 -0.00000000
 -0.00000000 -0.02424998   -0.09081357  0.00000000    0.81911656  0.00000000
    1    2
 -0.00000000 -0.31993472    0.04870279 -0.00000000   -0.11446181  0.00000000
  0.04870279 -0.00000000   -0.00000000 -0.31833041   -0.00000000 -0.03760685
 -0.11446181  0.00000000   -0.00000000 -0.03760685   -0.00000000 -0.28986898
    2    1
 -0.00000000  0.31993472    0.04870279 -0.00000000   -0.11446181 -0.00000000
  0.04870279  0.00000000   -0.00000000  0.31833041   -0.00000000  0.03760685
 -0.11446181 -0.00000000   -0.00000000  0.03760685   -0.00000000  0.28986898
    2    2
  0.89025924  0.00000000    0.00000000  0.08159105    0.00000000 -0.02424998
 -0.00000000 -0.08159105    1.06179238 -0.00000000   -0.09081357  0.00000000
 -0.00000000  0.02424998   -0.09081357 -0.00000000    0.81911656 -0.00000000

     Dynamical  Matrix in cartesian axes

     q = (   -0.666666667   0.333333333   1.000000000 ) 

    1    1
  0.81911656  0.00000000   -0.09081357  0.00000000    0.00000000 -0.02424998
 -0.09081357  0.00000000    1.06179238  0.00000000    0.00000000  0.08159105
  0.00000000  0.02424998    0.00000000 -0.08159105    0.89025924  0.00000000
    1    2
 -0.00000000  0.28986898   -0.00000000  0.03760685    0.11446181  0.00000000
 -0.00000000  0.03760685   -0.00000000  0.31833041   -0.04870279  0.00000000
  0.11446181  0.00000000   -0.04870279  0.00000000   -0.00000000  0.31993472
    2    1
 -0.00000000 -0.28986898   -0.00000000 -0.03760685    0.11446181 -0.00000000
 -0.00000000 -0.03760685   -0.00000000 -0.31833041   -0.04870279 -0.00000000
  0.11446181 -0.00000000   -0.04870279  0.00000000   -0.00000000 -0.31993472
    2    2
  0.81911656  0.00000000   -0.09081357  0.00000000    0.00000000  0.02424998
 -0.09081357  0.00000000    1.06179238  0.00000000    0.00000000 -0.08159105
  0.00000000 -0.02424998   -0.00000000  0.08159105    0.89025924  0.00000000

     Dynamical  Matrix in cartesian axes

     q = (   -0.333333333   1.000000000   0.666666667 ) 

    1    1
  1.06179238  0.00000000   -0.00000000 -0.08159105   -0.09081357 -0.00000000
  0.00000000  0.08159105    0.89025924 -0.00000000    0.00000000 -0.02424998
 -0.09081357  0.00000000    0.00000000  0.02424998    0.81911656 -0.00000000
    1    2
 -0.00000000  0.31833041    0.04870279  0.00000000    0.00000000  0.03760685
  0.04870279 -0.00000000   -0.00000000  0.31993472   -0.11446181 -0.00000000
  0.00000000  0.03760685   -0.11446181  0.00000000   -0.00000000  0.28986898
    2    1
 -0.00000000 -0.31833041    0.04870279  0.00000000   -0.00000000 -0.03760685
  0.04870279 -0.00000000   -0.00000000 -0.31993472   -0.11446181  0.00000000
 -0.00000000 -0.03760685   -0.11446181  0.00000000   -0.00000000 -0.28986898
    2    2
  1.06179238  0.00000000    0.00000000  0.08159105   -0.09081357  0.00000000
  0.00000000 -0.08159105    0.89025924  0.00000000    0.00000000  0.02424998
 -0.09081357  0.00000000    0.00000000 -0.02424998    0.81911656  0.00000000

     Dynamical  Matrix in cartesian axes

     q = (    0.333333333   1.000000000  -0.666666667 ) 

    1    1
  1.06179238  0.00000000    0.00000000  0.08159105   -0.09081357  0.00000000
  0.00000000 -0.08159105    0.89025924  0.00000000    0.00000000  0.02424998
 -0.09081357  0.00000000    0.00000000 -0.02424998    0.81911656  0.00000000
    1    2
 -0.00000000 -0.31833041    0.04870279  0.00000000   -0.00000000 -0.03760685
  0.04870279 -0.00000000   -0.00000000 -0.31993472   -0.11446181  0.00000000
 -0.00000000 -0.03760685   -0.11446181  0.00000000   -0.00000000 -0.28986898
    2    1
 -0.00000000  0.31833041    0.04870279  0.00000000    0.00000000  0.03760685
  0.04870279 -0.00000000   -0.00000000  0.31993472   -0.11446181 -0.00000000
  0.00000000  0.03760685   -0.11446181  0.00000000   -0.00000000  0.28986898
    2    2
  1.06179238  0.00000000   -0.00000000 -0.08159105   -0.09081357 -0.00000000
  0.00000000  0.08159105    0.89025924 -0.00000000    0.00000000 -0.02424998
 -0.09081357  0.00000000    0.00000000  0.02424998    0.81911656 -0.00000000

     Dynamical  Matrix in cartesian axes

     q = (   -0.333333333  -1.000000000  -0.666666667 ) 

    1    1
  1.06179238  0.00000000    0.00000000  0.08159105    0.09081357  0.00000000
 -0.00000000 -0.08159105    0.89025924  0.00000000    0.00000000 -0.02424998
  0.09081357  0.00000000    0.00000000  0.02424998    0.81911656  0.00000000
    1    2
 -0.00000000 -0.31833041    0.04870279 -0.00000000    0.00000000  0.03760685
  0.04870279 -0.00000000   -0.00000000 -0.31993472    0.11446181  0.00000000
  0.00000000  0.03760685    0.11446181 -0.00000000   -0.00000000 -0.28986898
    2    1
 -0.00000000  0.31833041    0.04870279  0.00000000    0.00000000 -0.03760685
  0.04870279 -0.00000000   -0.00000000  0.31993472    0.11446181  0.00000000
  0.00000000 -0.03760685    0.11446181  0.00000000   -0.00000000  0.28986898
    2    2
  1.06179238 -0.00000000    0.00000000 -0.08159105    0.09081357 -0.00000000
  0.00000000  0.08159105    0.89025924  0.00000000    0.00000000  0.02424998
  0.09081357 -0.00000000    0.00000000 -0.02424998    0.81911656 -0.00000000

     Dynamical  Matrix in cartesian axes

     q = (    1.000000000  -0.666666667   0.333333333 ) 

    1    1
  0.89025924 -0.00000000    0.00000000  0.02424998    0.00000000 -0.08159105
 -0.00000000 -0.02424998    0.81911656 -0.00000000   -0.09081357 -0.00000000
  0.00000000  0.08159105   -0.09081357 -0.00000000    1.06179238  0.00000000
    1    2
 -0.00000000 -0.31993472   -0.11446181  0.00000000    0.04870279 -0.00000000
 -0.11446181  0.00000000   -0.00000000 -0.28986898   -0.00000000 -0.03760685
  0.04870279 -0.00000000   -0.00000000 -0.03760685   -0.00000000 -0.31833041
    2    1
 -0.00000000  0.31993472   -0.11446181 -0.00000000    0.04870279 -0.00000000
 -0.11446181 -0.00000000   -0.00000000  0.28986898   -0.00000000  0.03760685
  0.04870279  0.00000000   -0.00000000  0.03760685   -0.00000000  0.31833041
    2    2
  0.89025924 -0.00000000    0.00000000 -0.02424998    0.00000000  0.08159105
  0.00000000  0.02424998    0.81911656 -0.00000000   -0.09081357  0.00000000
  0.00000000 -0.08159105   -0.09081357  0.00000000    1.06179238 -0.00000000

     Dynamical  Matrix in cartesian axes

     q = (    1.000000000   0.666666667  -0.333333333 ) 

    1    1
  0.89025924 -0.00000000    0.00000000 -0.02424998    0.00000000  0.08159105
  0.00000000  0.02424998    0.81911656 -0.00000000   -0.09081357  0.00000000
  0.00000000 -0.08159105   -0.09081357  0.00000000    1.06179238 -0.00000000
    1    2
  0.00000000  0.31993472   -0.11446181  0.00000000    0.04870279 -0.00000000
 -0.11446181  0.00000000    0.00000000  0.28986898    0.00000000  0.03760685
  0.04870279 -0.00000000    0.00000000  0.03760685    0.00000000  0.31833041
    2    1
  0.00000000 -0.31993472   -0.11446181  0.00000000    0.04870279 -0.00000000
 -0.11446181 -0.00000000    0.00000000 -0.28986898    0.00000000 -0.03760685
  0.04870279  0.00000000    0.00000000 -0.03760685    0.00000000 -0.31833041
    2    2
  0.89025924 -0.00000000    0.00000000  0.02424998    0.00000000 -0.08159105
 -0.00000000 -0.02424998    0.81911656 -0.00000000   -0.09081357 -0.00000000
  0.00000000  0.08159105   -0.09081357 -0.00000000    1.06179238  0.00000000

     Dynamical  Matrix in cartesian axes

     q = (   -0.333333333   0.666666667  -1.000000000 ) 

    1    1
  1.06179238  0.00000000   -0.09081357  0.00000000    0.00000000 -0.08159105
 -0.09081357  0.00000000    0.81911656  0.00000000    0.00000000  0.02424998
  0.00000000  0.08159105    0.00000000 -0.02424998    0.89025924 -0.00000000
    1    2
 -0.00000000  0.31833041   -0.00000000  0.03760685    0.04870279  0.00000000
 -0.00000000  0.03760685   -0.00000000  0.28986898   -0.11446181  0.00000000
  0.04870279 -0.00000000   -0.11446181 -0.00000000   -0.00000000  0.31993472
    2    1
 -0.00000000 -0.31833041   -0.00000000 -0.03760685    0.04870279  0.00000000
 -0.00000000 -0.03760685   -0.00000000 -0.28986898   -0.11446181  0.00000000
  0.04870279 -0.00000000   -0.11446181  0.00000000   -0.00000000 -0.31993472
    2    2
  1.06179238  0.00000000   -0.09081357  0.00000000    0.00000000  0.08159105
 -0.09081357  0.00000000    0.81911656  0.00000000    0.00000000 -0.02424998
  0.00000000 -0.08159105    0.00000000  0.02424998    0.89025924  0.00000000

     Dynamical  Matrix in cartesian axes

     q = (   -1.000000000  -0.666666667  -0.333333333 ) 

    1    1
  0.89025924  0.00000000    0.00000000 -0.02424998    0.00000000 -0.08159105
  0.00000000  0.02424998    0.81911656  0.00000000    0.09081357 -0.00000000
  0.00000000  0.08159105    0.09081357  0.00000000    1.06179238  0.00000000
    1    2
 -0.00000000 -0.31993472    0.11446181 -0.00000000    0.04870279 -0.00000000
  0.11446181 -0.00000000   -0.00000000 -0.28986898    0.00000000  0.03760685
  0.04870279 -0.00000000    0.00000000  0.03760685   -0.00000000 -0.31833041
    2    1
 -0.00000000  0.31993472    0.11446181  0.00000000    0.04870279  0.00000000
  0.11446181  0.00000000   -0.00000000  0.28986898    0.00000000 -0.03760685
  0.04870279  0.00000000    0.00000000 -0.03760685   -0.00000000  0.31833041
    2    2
  0.89025924 -0.00000000    0.00000000  0.02424998    0.00000000  0.08159105
 -0.00000000 -0.02424998    0.81911656  0.00000000    0.09081357  0.00000000
 -0.00000000 -0.08159105    0.09081357 -0.00000000    1.06179238  0.00000000

     Dynamical  Matrix in cartesian axes

     q = (   -1.000000000   0.666666667   0.333333333 ) 

    1    1
  0.89025924 -0.00000000    0.00000000  0.02424998    0.00000000  0.08159105
 -0.00000000 -0.02424998    0.81911656  0.00000000    0.09081357  0.00000000
 -0.00000000 -0.08159105    0.09081357 -0.00000000    1.06179238  0.00000000
    1    2
 -0.00000000  0.31993472    0.11446181  0.00000000    0.04870279 -0.00000000
  0.11446181  0.00000000   -0.00000000  0.28986898    0.00000000 -0.03760685
  0.04870279  0.00000000    0.00000000 -0.03760685   -0.00000000  0.31833041
    2    1
 -0.00000000 -0.31993472    0.11446181 -0.00000000    0.04870279 -0.00000000
  0.11446181 -0.00000000   -0.00000000 -0.28986898    0.00000000  0.03760685
  0.04870279  0.00000000    0.00000000  0.03760685   -0.00000000 -0.31833041
    2    2
  0.89025924  0.00000000    0.00000000 -0.02424998    0.00000000 -0.08159105
  0.00000000  0.02424998    0.81911656  0.00000000    0.09081357 -0.00000000
  0.00000000  0.08159105    0.09081357  0.00000000    1.06179238  0.00000000

     Dynamical  Matrix in cartesian axes

     q = (    0.333333333  -0.666666667   1.000000000 ) 

    1    1
  1.06179238  0.00000000   -0.09081357  0.00000000    0.00000000  0.08159105
 -0.09081357  0.00000000    0.81911656  0.00000000    0.00000000 -0.02424998
  0.00000000 -0.08159105    0.00000000  0.02424998    0.89025924  0.00000000
    1    2
 -0.00000000 -0.31833041   -0.00000000 -0.03760685    0.04870279  0.00000000
 -0.00000000 -0.03760685   -0.00000000 -0.28986898   -0.11446181  0.00000000
  0.04870279 -0.00000000   -0.11446181  0.00000000   -0.00000000 -0.31993472
    2    1
 -0.00000000  0.31833041   -0.00000000  0.03760685    0.04870279  0.00000000
 -0.00000000  0.03760685   -0.00000000  0.28986898   -0.11446181  0.00000000
  0.04870279 -0.00000000   -0.11446181 -0.00000000   -0.00000000  0.31993472
    2    2
  1.06179238  0.00000000   -0.09081357  0.00000000    0.00000000 -0.08159105
 -0.09081357  0.00000000    0.81911656  0.00000000    0.00000000  0.02424998
  0.00000000  0.08159105    0.00000000 -0.02424998    0.89025924 -0.00000000

     Dynamical  Matrix in cartesian axes

     q = (    0.333333333  -1.000000000   0.666666667 ) 

    1    1
  1.06179238 -0.00000000    0.00000000 -0.08159105    0.09081357 -0.00000000
  0.00000000  0.08159105    0.89025924  0.00000000    0.00000000  0.02424998
  0.09081357 -0.00000000    0.00000000 -0.02424998    0.81911656 -0.00000000
    1    2
  0.00000000  0.31833041    0.04870279 -0.00000000   -0.00000000 -0.03760685
  0.04870279 -0.00000000    0.00000000  0.31993472    0.11446181 -0.00000000
 -0.00000000 -0.03760685    0.11446181 -0.00000000    0.00000000  0.28986898
    2    1
  0.00000000 -0.31833041    0.04870279  0.00000000   -0.00000000  0.03760685
  0.04870279 -0.00000000    0.00000000 -0.31993472    0.11446181 -0.00000000
 -0.00000000  0.03760685    0.11446181  0.00000000    0.00000000 -0.28986898
    2    2
  1.06179238  0.00000000    0.00000000  0.08159105    0.09081357  0.00000000
 -0.00000000 -0.08159105    0.89025924  0.00000000    0.00000000 -0.02424998
  0.09081357  0.00000000    0.00000000  0.02424998    0.81911656  0.00000000

     Dynamical  Matrix in cartesian axes

     q = (    0.666666667  -1.000000000   0.333333333 ) 

    1    1
  0.81911656  0.00000000   -0.00000000 -0.02424998    0.09081357  0.00000000
 -0.00000000  0.02424998    0.89025924 -0.00000000    0.00000000  0.08159105
  0.09081357  0.00000000    0.00000000 -0.08159105    1.06179238  0.00000000
    1    2
 -0.00000000 -0.28986898   -0.11446181  0.00000000    0.00000000  0.03760685
 -0.11446181  0.00000000   -0.00000000 -0.31993472   -0.04870279  0.00000000
  0.00000000  0.03760685   -0.04870279  0.00000000   -0.00000000 -0.31833041
    2    1
 -0.00000000  0.28986898   -0.11446181 -0.00000000    0.00000000 -0.03760685
 -0.11446181 -0.00000000   -0.00000000  0.31993472   -0.04870279  0.00000000
  0.00000000 -0.03760685   -0.04870279 -0.00000000   -0.00000000  0.31833041
    2    2
  0.81911656  0.00000000    0.00000000  0.02424998    0.09081357  0.00000000
 -0.00000000 -0.02424998    0.89025924  0.00000000    0.00000000 -0.08159105
  0.09081357  0.00000000    0.00000000  0.08159105    1.06179238  0.00000000

     Dynamical  Matrix in cartesian axes

     q = (    0.333333333   0.666666667   1.000000000 ) 

    1    1
  1.06179238 -0.00000000    0.09081357 -0.00000000    0.00000000 -0.08159105
  0.09081357 -0.00000000    0.81911656 -0.00000000    0.00000000 -0.02424998
  0.00000000  0.08159105    0.00000000  0.02424998    0.89025924  0.00000000
    1    2
 -0.00000000  0.31833041    0.00000000 -0.03760685    0.04870279  0.00000000
  0.00000000 -0.03760685   -0.00000000  0.28986898    0.11446181  0.00000000
  0.04870279  0.00000000    0.11446181  0.00000000   -0.00000000  0.31993472
    2    1
 -0.00000000 -0.31833041    0.00000000  0.03760685    0.04870279 -0.00000000
  0.00000000  0.03760685   -0.00000000 -0.28986898    0.11446181 -0.00000000
  0.04870279 -0.00000000    0.11446181 -0.00000000   -0.00000000 -0.31993472
    2    2
  1.06179238  0.00000000    0.09081357  0.00000000    0.00000000  0.08159105
  0.09081357  0.00000000    0.81911656  0.00000000    0.00000000  0.02424998
 -0.00000000 -0.08159105    0.00000000 -0.02424998    0.89025924 -0.00000000

     Dynamical  Matrix in cartesian axes

     q = (   -0.333333333  -0.666666667  -1.000000000 ) 

    1    1
  1.06179238  0.00000000    0.09081357  0.00000000    0.00000000  0.08159105
  0.09081357  0.00000000    0.81911656  0.00000000    0.00000000  0.02424998
 -0.00000000 -0.08159105    0.00000000 -0.02424998    0.89025924 -0.00000000
    1    2
 -0.00000000 -0.31833041    0.00000000  0.03760685    0.04870279 -0.00000000
  0.00000000  0.03760685   -0.00000000 -0.28986898    0.11446181 -0.00000000
  0.04870279 -0.00000000    0.11446181 -0.00000000   -0.00000000 -0.31993472
    2    1
 -0.00000000  0.31833041    0.00000000 -0.03760685    0.04870279  0.00000000
  0.00000000 -0.03760685   -0.00000000  0.28986898    0.11446181  0.00000000
  0.04870279  0.00000000    0.11446181  0.00000000   -0.00000000  0.31993472
    2    2
  1.06179238 -0.00000000    0.09081357 -0.00000000    0.00000000 -0.08159105
  0.09081357 -0.00000000    0.81911656 -0.00000000    0.00000000 -0.02424998
  0.00000000  0.08159105    0.00000000  0.02424998    0.89025924  0.00000000

     Dynamical  Matrix in cartesian axes

     q = (   -0.666666667  -1.000000000   0.333333333 ) 

    1    1
  0.81911656 -0.00000000   -0.00000000 -0.02424998   -0.09081357 -0.00000000
  0.00000000  0.02424998    0.89025924 -0.00000000   -0.00000000 -0.08159105
 -0.09081357 -0.00000000    0.00000000  0.08159105    1.06179238 -0.00000000
    1    2
 -0.00000000  0.28986898    0.11446181  0.00000000   -0.00000000  0.03760685
  0.11446181  0.00000000   -0.00000000  0.31993472   -0.04870279 -0.00000000
 -0.00000000  0.03760685   -0.04870279 -0.00000000   -0.00000000  0.31833041
    2    1
 -0.00000000 -0.28986898    0.11446181 -0.00000000   -0.00000000 -0.03760685
  0.11446181 -0.00000000   -0.00000000 -0.31993472   -0.04870279  0.00000000
 -0.00000000 -0.03760685   -0.04870279  0.00000000   -0.00000000 -0.31833041
    2    2
  0.81911656  0.00000000    0.00000000  0.02424998   -0.09081357  0.00000000
  0.00000000 -0.02424998    0.89025924  0.00000000   -0.00000000  0.08159105
 -0.09081357  0.00000000    0.00000000 -0.08159105    1.06179238  0.00000000

     Dynamical  Matrix in cartesian axes

     q = (    0.666666667   1.000000000  -0.333333333 ) 

    1    1
  0.81911656  0.00000000    0.00000000  0.02424998   -0.09081357  0.00000000
  0.00000000 -0.02424998    0.89025924  0.00000000   -0.00000000  0.08159105
 -0.09081357  0.00000000    0.00000000 -0.08159105    1.06179238  0.00000000
    1    2
 -0.00000000 -0.28986898    0.11446181 -0.00000000   -0.00000000 -0.03760685
  0.11446181 -0.00000000   -0.00000000 -0.31993472   -0.04870279  0.00000000
 -0.00000000 -0.03760685   -0.04870279  0.00000000   -0.00000000 -0.31833041
    2    1
 -0.00000000  0.28986898    0.11446181  0.00000000   -0.00000000  0.03760685
  0.11446181  0.00000000   -0.00000000  0.31993472   -0.04870279 -0.00000000
 -0.00000000  0.03760685   -0.04870279 -0.00000000   -0.00000000  0.31833041
    2    2
  0.81911656 -0.00000000   -0.00000000 -0.02424998   -0.09081357 -0.00000000
  0.00000000  0.02424998    0.89025924 -0.00000000   -0.00000000 -0.08159105
 -0.09081357 -0.00000000    0.00000000  0.08159105    1.06179238 -0.00000000

     Dynamical  Matrix in cartesian axes

     q = (   -0.666666667  -1.000000000  -0.333333333 ) 

    1    1
  0.81911656  0.00000000    0.00000000  0.02424998    0.09081357  0.00000000
 -0.00000000 -0.02424998    0.89025924  0.00000000    0.00000000 -0.08159105
  0.09081357  0.00000000    0.00000000  0.08159105    1.06179238  0.00000000
    1    2
  0.00000000  0.28986898   -0.11446181  0.00000000   -0.00000000 -0.03760685
 -0.11446181  0.00000000    0.00000000  0.31993472   -0.04870279  0.00000000
 -0.00000000 -0.03760685   -0.04870279  0.00000000    0.00000000  0.31833041
    2    1
  0.00000000 -0.28986898   -0.11446181 -0.00000000   -0.00000000  0.03760685
 -0.11446181  0.00000000    0.00000000 -0.31993472   -0.04870279  0.00000000
 -0.00000000  0.03760685   -0.04870279 -0.00000000    0.00000000 -0.31833041
    2    2
  0.81911656  0.00000000   -0.00000000 -0.02424998    0.09081357  0.00000000
 -0.00000000  0.02424998    0.89025924 -0.00000000    0.00000000  0.08159105
  0.09081357  0.00000000    0.00000000 -0.08159105    1.06179238  0.00000000

     Diagonalizing the dynamical matrix

     q = (    0.666666667  -0.333333333   1.000000000 ) 

 **************************************************************************
     freq (    1) =      21.372170 [THz] =     712.898845 [cm-1]
 ( -0.652287 -0.000000 -0.262427 -0.000000  0.000000 -0.075190 ) 
 ( -0.000000  0.652287 -0.000000  0.262427  0.075190  0.000000 ) 
     freq (    2) =      23.404888 [THz] =     780.703039 [cm-1]
 (  0.116510 -0.000000  0.035216  0.000000  0.000000 -0.696552 ) 
 ( -0.000000  0.116510  0.000000  0.035216 -0.696552  0.000000 ) 
     freq (    3) =      27.053700 [THz] =     902.414293 [cm-1]
 (  0.224364  0.000000 -0.626317 -0.000000 -0.000000  0.239558 ) 
 (  0.000000 -0.224364 -0.000000  0.626317 -0.239558  0.000000 ) 
     freq (    4) =      33.222150 [THz] =    1108.171651 [cm-1]
 ( -0.685784  0.000000 -0.122797  0.000000 -0.000000 -0.120917 ) 
 ( -0.000000 -0.685784  0.000000 -0.122797 -0.120917  0.000000 ) 
     freq (    5) =      35.613065 [THz] =    1187.923970 [cm-1]
 ( -0.155506 -0.000000  0.197128  0.000000  0.000000  0.661028 ) 
 (  0.000000  0.155506 -0.000000 -0.197128 -0.661028  0.000000 ) 
     freq (    6) =      37.094049 [THz] =    1237.324303 [cm-1]
 ( -0.126986 -0.000000  0.695472  0.000000 -0.000000  0.013920 ) 
 (  0.000000 -0.126986 -0.000000  0.695472  0.013920  0.000000 ) 
 **************************************************************************
