Dynamical matrix file
default                                                                    
  1    2  2  6.7568759  0.0000000  0.0000000  0.0000000  0.0000000  0.0000000
           1  'C   '    10937.330905587271     
    1    1     -0.1250000000      0.1250000000      0.1250000000
    2    1     -0.8750000000      0.8750000000      0.8750000000

     Dynamical  Matrix in cartesian axes

     q = (   -0.166666667   0.500000000  -0.166666667 ) 

    1    1
  0.82250030 -0.00000000   -0.06858873  0.02583299    0.03075091 -0.00000000
 -0.06858873 -0.02583299    1.01001803 -0.00000000   -0.06858873 -0.02583299
  0.03075091 -0.00000000   -0.06858873  0.02583299    0.82250030 -0.00000000
    1    2
  0.37321006  0.30339505    0.02775764 -0.01508346   -0.08822180  0.05092108
  0.02775764 -0.01508346    0.38334808  0.30937791    0.02775764 -0.01508346
 -0.08822180  0.05092108    0.02775764 -0.01508346    0.37321006  0.30339505
    2    1
  0.37321006 -0.30339505    0.02775764  0.01508346   -0.08822180 -0.05092108
  0.02775764  0.01508346    0.38334808 -0.30937791    0.02775764  0.01508346
 -0.08822180 -0.05092108    0.02775764  0.01508346    0.37321006 -0.30339505
    2    2
  0.82250030  0.00000000   -0.06858873 -0.02583299    0.03075091  0.00000000
 -0.06858873  0.02583299    1.01001803  0.00000000   -0.06858873  0.02583299
  0.03075091  0.00000000   -0.06858873 -0.02583299    0.82250030  0.00000000

     Dynamical  Matrix in cartesian axes

     q = (    0.166666667   0.500000000   0.166666667 ) 

    1    1
  0.82250030  0.00000000    0.06858873 -0.02583299    0.03075091  0.00000000
  0.06858873  0.02583299    1.01001803  0.00000000    0.06858873  0.02583299
  0.03075091  0.00000000    0.06858873 -0.02583299    0.82250030  0.00000000
    1    2
  0.37321006  0.30339505   -0.02775764  0.01508346   -0.08822180  0.05092108
 -0.02775764  0.01508346    0.38334808  0.30937791   -0.02775764  0.01508346
 -0.08822180  0.05092108   -0.02775764  0.01508346    0.37321006  0.30339505
    2    1
  0.37321006 -0.30339505   -0.02775764 -0.01508346   -0.08822180 -0.05092108
 -0.02775764 -0.01508346    0.38334808 -0.30937791   -0.02775764 -0.01508346
 -0.08822180 -0.05092108   -0.02775764 -0.01508346    0.37321006 -0.30339505
    2    2
  0.82250030 -0.00000000    0.06858873  0.02583299    0.03075091 -0.00000000
  0.06858873 -0.02583299    1.01001803 -0.00000000    0.06858873 -0.02583299
  0.03075091 -0.00000000    0.06858873  0.02583299    0.82250030 -0.00000000

     Dynamical  Matrix in cartesian axes

     q = (   -0.166666667   0.500000000   0.166666667 ) 

    1    1
  0.82250030  0.00000000   -0.06858873 -0.02583299   -0.03075091  0.00000000
 -0.06858873  0.02583299    1.01001803  0.00000000    0.06858873 -0.02583299
 -0.03075091  0.00000000    0.06858873  0.02583299    0.82250030  0.00000000
    1    2
  0.37321006 -0.30339505    0.02775764  0.01508346    0.08822180  0.05092108
  0.02775764  0.01508346    0.38334808 -0.30937791   -0.02775764 -0.01508346
  0.08822180  0.05092108   -0.02775764 -0.01508346    0.37321006 -0.30339505
    2    1
  0.37321006  0.30339505    0.02775764 -0.01508346    0.08822180 -0.05092108
  0.02775764 -0.01508346    0.38334808  0.30937791   -0.02775764  0.01508346
  0.08822180 -0.05092108   -0.02775764  0.01508346    0.37321006  0.30339505
    2    2
  0.82250030  0.00000000   -0.06858873  0.02583299   -0.03075091  0.00000000
 -0.06858873 -0.02583299    1.01001803 -0.00000000    0.06858873  0.02583299
 -0.03075091  0.00000000    0.06858873 -0.02583299    0.82250030  0.00000000

     Dynamical  Matrix in cartesian axes

     q = (    0.166666667   0.500000000  -0.166666667 ) 

    1    1
  0.82250030  0.00000000    0.06858873  0.02583299   -0.03075091  0.00000000
  0.06858873 -0.02583299    1.01001803 -0.00000000   -0.06858873  0.02583299
 -0.03075091  0.00000000   -0.06858873 -0.02583299    0.82250030  0.00000000
    1    2
 -0.37321006  0.30339505    0.02775764  0.01508346   -0.08822180 -0.05092108
  0.02775764  0.01508346   -0.38334808  0.30937791   -0.02775764 -0.01508346
 -0.08822180 -0.05092108   -0.02775764 -0.01508346   -0.37321006  0.30339505
    2    1
 -0.37321006 -0.30339505    0.02775764 -0.01508346   -0.08822180  0.05092108
  0.02775764 -0.01508346   -0.38334808 -0.30937791   -0.02775764  0.01508346
 -0.08822180  0.05092108   -0.02775764  0.01508346   -0.37321006 -0.30339505
    2    2
  0.82250030  0.00000000    0.06858873 -0.02583299   -0.03075091  0.00000000
  0.06858873  0.02583299    1.01001803  0.00000000   -0.06858873 -0.02583299
 -0.03075091  0.00000000   -0.06858873  0.02583299    0.82250030  0.00000000

     Dynamical  Matrix in cartesian axes

     q = (    0.500000000  -0.166666667   0.166666667 ) 

    1    1
  1.01001803  0.00000000   -0.06858873  0.02583299    0.06858873 -0.02583299
 -0.06858873 -0.02583299    0.82250030  0.00000000   -0.03075091 -0.00000000
  0.06858873  0.02583299   -0.03075091 -0.00000000    0.82250030  0.00000000
    1    2
  0.38334808 -0.30937791    0.02775764  0.01508346   -0.02775764 -0.01508346
  0.02775764  0.01508346    0.37321006 -0.30339505    0.08822180  0.05092108
 -0.02775764 -0.01508346    0.08822180  0.05092108    0.37321006 -0.30339505
    2    1
  0.38334808  0.30937791    0.02775764 -0.01508346   -0.02775764  0.01508346
  0.02775764 -0.01508346    0.37321006  0.30339505    0.08822180 -0.05092108
 -0.02775764  0.01508346    0.08822180 -0.05092108    0.37321006  0.30339505
    2    2
  1.01001803 -0.00000000   -0.06858873 -0.02583299    0.06858873  0.02583299
 -0.06858873  0.02583299    0.82250030 -0.00000000   -0.03075091  0.00000000
  0.06858873 -0.02583299   -0.03075091  0.00000000    0.82250030 -0.00000000

     Dynamical  Matrix in cartesian axes

     q = (    0.166666667  -0.166666667   0.500000000 ) 

    1    1
  0.82250030  0.00000000   -0.03075091 -0.00000000    0.06858873  0.02583299
 -0.03075091 -0.00000000    0.82250030  0.00000000   -0.06858873 -0.02583299
  0.06858873 -0.02583299   -0.06858873  0.02583299    1.01001803  0.00000000
    1    2
 -0.37321006  0.30339505   -0.08822180 -0.05092108    0.02775764  0.01508346
 -0.08822180 -0.05092108   -0.37321006  0.30339505   -0.02775764 -0.01508346
  0.02775764  0.01508346   -0.02775764 -0.01508346   -0.38334808  0.30937791
    2    1
 -0.37321006 -0.30339505   -0.08822180  0.05092108    0.02775764 -0.01508346
 -0.08822180  0.05092108   -0.37321006 -0.30339505   -0.02775764  0.01508346
  0.02775764 -0.01508346   -0.02775764  0.01508346   -0.38334808 -0.30937791
    2    2
  0.82250030 -0.00000000   -0.03075091  0.00000000    0.06858873 -0.02583299
 -0.03075091  0.00000000    0.82250030 -0.00000000   -0.06858873  0.02583299
  0.06858873  0.02583299   -0.06858873 -0.02583299    1.01001803 -0.00000000

     Dynamical  Matrix in cartesian axes

     q = (   -0.166666667  -0.500000000  -0.166666667 ) 

    1    1
  0.82250030 -0.00000000    0.06858873  0.02583299    0.03075091 -0.00000000
  0.06858873 -0.02583299    1.01001803 -0.00000000    0.06858873 -0.02583299
  0.03075091 -0.00000000    0.06858873  0.02583299    0.82250030 -0.00000000
    1    2
  0.37321006 -0.30339505   -0.02775764 -0.01508346   -0.08822180 -0.05092108
 -0.02775764 -0.01508346    0.38334808 -0.30937791   -0.02775764 -0.01508346
 -0.08822180 -0.05092108   -0.02775764 -0.01508346    0.37321006 -0.30339505
    2    1
  0.37321006  0.30339505   -0.02775764  0.01508346   -0.08822180  0.05092108
 -0.02775764  0.01508346    0.38334808  0.30937791   -0.02775764  0.01508346
 -0.08822180  0.05092108   -0.02775764  0.01508346    0.37321006  0.30339505
    2    2
  0.82250030  0.00000000    0.06858873 -0.02583299    0.03075091  0.00000000
  0.06858873  0.02583299    1.01001803  0.00000000    0.06858873  0.02583299
  0.03075091  0.00000000    0.06858873 -0.02583299    0.82250030  0.00000000

     Dynamical  Matrix in cartesian axes

     q = (    0.166666667  -0.500000000  -0.166666667 ) 

    1    1
  0.82250030  0.00000000   -0.06858873  0.02583299   -0.03075091  0.00000000
 -0.06858873 -0.02583299    1.01001803 -0.00000000    0.06858873  0.02583299
 -0.03075091  0.00000000    0.06858873 -0.02583299    0.82250030  0.00000000
    1    2
  0.37321006  0.30339505    0.02775764 -0.01508346    0.08822180 -0.05092108
  0.02775764 -0.01508346    0.38334808  0.30937791   -0.02775764  0.01508346
  0.08822180 -0.05092108   -0.02775764  0.01508346    0.37321006  0.30339505
    2    1
  0.37321006 -0.30339505    0.02775764  0.01508346    0.08822180  0.05092108
  0.02775764  0.01508346    0.38334808 -0.30937791   -0.02775764 -0.01508346
  0.08822180  0.05092108   -0.02775764 -0.01508346    0.37321006 -0.30339505
    2    2
  0.82250030  0.00000000   -0.06858873 -0.02583299   -0.03075091  0.00000000
 -0.06858873  0.02583299    1.01001803  0.00000000    0.06858873 -0.02583299
 -0.03075091  0.00000000    0.06858873  0.02583299    0.82250030  0.00000000

     Dynamical  Matrix in cartesian axes

     q = (   -0.166666667  -0.500000000   0.166666667 ) 

    1    1
  0.82250030  0.00000000    0.06858873 -0.02583299   -0.03075091  0.00000000
  0.06858873  0.02583299    1.01001803  0.00000000   -0.06858873 -0.02583299
 -0.03075091  0.00000000   -0.06858873  0.02583299    0.82250030  0.00000000
    1    2
 -0.37321006 -0.30339505    0.02775764 -0.01508346   -0.08822180  0.05092108
  0.02775764 -0.01508346   -0.38334808 -0.30937791   -0.02775764  0.01508346
 -0.08822180  0.05092108   -0.02775764  0.01508346   -0.37321006 -0.30339505
    2    1
 -0.37321006  0.30339505    0.02775764  0.01508346   -0.08822180 -0.05092108
  0.02775764  0.01508346   -0.38334808  0.30937791   -0.02775764 -0.01508346
 -0.08822180 -0.05092108   -0.02775764 -0.01508346   -0.37321006  0.30339505
    2    2
  0.82250030  0.00000000    0.06858873  0.02583299   -0.03075091  0.00000000
  0.06858873 -0.02583299    1.01001803 -0.00000000   -0.06858873  0.02583299
 -0.03075091  0.00000000   -0.06858873 -0.02583299    0.82250030  0.00000000

     Dynamical  Matrix in cartesian axes

     q = (    0.500000000  -0.166666667  -0.166666667 ) 

    1    1
  1.01001803 -0.00000000   -0.06858873 -0.02583299   -0.06858873 -0.02583299
 -0.06858873  0.02583299    0.82250030 -0.00000000    0.03075091  0.00000000
 -0.06858873  0.02583299    0.03075091  0.00000000    0.82250030 -0.00000000
    1    2
  0.38334808  0.30937791    0.02775764 -0.01508346    0.02775764 -0.01508346
  0.02775764 -0.01508346    0.37321006  0.30339505   -0.08822180  0.05092108
  0.02775764 -0.01508346   -0.08822180  0.05092108    0.37321006  0.30339505
    2    1
  0.38334808 -0.30937791    0.02775764  0.01508346    0.02775764  0.01508346
  0.02775764  0.01508346    0.37321006 -0.30339505   -0.08822180 -0.05092108
  0.02775764  0.01508346   -0.08822180 -0.05092108    0.37321006 -0.30339505
    2    2
  1.01001803  0.00000000   -0.06858873  0.02583299   -0.06858873  0.02583299
 -0.06858873 -0.02583299    0.82250030  0.00000000    0.03075091 -0.00000000
 -0.06858873 -0.02583299    0.03075091 -0.00000000    0.82250030  0.00000000

     Dynamical  Matrix in cartesian axes

     q = (   -0.500000000  -0.166666667   0.166666667 ) 

    1    1
  1.01001803  0.00000000    0.06858873  0.02583299   -0.06858873 -0.02583299
  0.06858873 -0.02583299    0.82250030  0.00000000   -0.03075091 -0.00000000
 -0.06858873  0.02583299   -0.03075091 -0.00000000    0.82250030  0.00000000
    1    2
  0.38334808  0.30937791   -0.02775764  0.01508346    0.02775764 -0.01508346
 -0.02775764  0.01508346    0.37321006  0.30339505    0.08822180 -0.05092108
  0.02775764 -0.01508346    0.08822180 -0.05092108    0.37321006  0.30339505
    2    1
  0.38334808 -0.30937791   -0.02775764 -0.01508346    0.02775764  0.01508346
 -0.02775764 -0.01508346    0.37321006 -0.30339505    0.08822180  0.05092108
  0.02775764  0.01508346    0.08822180  0.05092108    0.37321006 -0.30339505
    2    2
  1.01001803 -0.00000000    0.06858873 -0.02583299   -0.06858873  0.02583299
  0.06858873  0.02583299    0.82250030 -0.00000000   -0.03075091  0.00000000
 -0.06858873 -0.02583299   -0.03075091  0.00000000    0.82250030 -0.00000000

     Dynamical  Matrix in cartesian axes

     q = (    0.500000000   0.166666667   0.166666667 ) 

    1    1
  1.01001803  0.00000000    0.06858873  0.02583299    0.06858873  0.02583299
  0.06858873 -0.02583299    0.82250030  0.00000000    0.03075091 -0.00000000
  0.06858873 -0.02583299    0.03075091 -0.00000000    0.82250030  0.00000000
    1    2
 -0.38334808 -0.30937791    0.02775764 -0.01508346    0.02775764 -0.01508346
  0.02775764 -0.01508346   -0.37321006 -0.30339505    0.08822180 -0.05092108
  0.02775764 -0.01508346    0.08822180 -0.05092108   -0.37321006 -0.30339505
    2    1
 -0.38334808  0.30937791    0.02775764  0.01508346    0.02775764  0.01508346
  0.02775764  0.01508346   -0.37321006  0.30339505    0.08822180  0.05092108
  0.02775764  0.01508346    0.08822180  0.05092108   -0.37321006  0.30339505
    2    2
  1.01001803 -0.00000000    0.06858873 -0.02583299    0.06858873 -0.02583299
  0.06858873  0.02583299    0.82250030 -0.00000000    0.03075091  0.00000000
  0.06858873  0.02583299    0.03075091  0.00000000    0.82250030 -0.00000000

     Dynamical  Matrix in cartesian axes

     q = (   -0.166666667   0.166666667  -0.500000000 ) 

    1    1
  0.82250030 -0.00000000   -0.03075091  0.00000000    0.06858873 -0.02583299
 -0.03075091  0.00000000    0.82250030 -0.00000000   -0.06858873  0.02583299
  0.06858873  0.02583299   -0.06858873 -0.02583299    1.01001803 -0.00000000
    1    2
 -0.37321006 -0.30339505   -0.08822180  0.05092108    0.02775764 -0.01508346
 -0.08822180  0.05092108   -0.37321006 -0.30339505   -0.02775764  0.01508346
  0.02775764 -0.01508346   -0.02775764  0.01508346   -0.38334808 -0.30937791
    2    1
 -0.37321006  0.30339505   -0.08822180 -0.05092108    0.02775764  0.01508346
 -0.08822180 -0.05092108   -0.37321006  0.30339505   -0.02775764 -0.01508346
  0.02775764  0.01508346   -0.02775764 -0.01508346   -0.38334808  0.30937791
    2    2
  0.82250030  0.00000000   -0.03075091 -0.00000000    0.06858873  0.02583299
 -0.03075091 -0.00000000    0.82250030  0.00000000   -0.06858873 -0.02583299
  0.06858873 -0.02583299   -0.06858873  0.02583299    1.01001803  0.00000000

     Dynamical  Matrix in cartesian axes

     q = (   -0.166666667  -0.166666667   0.500000000 ) 

    1    1
  0.82250030  0.00000000    0.03075091  0.00000000   -0.06858873  0.02583299
  0.03075091  0.00000000    0.82250030  0.00000000   -0.06858873  0.02583299
 -0.06858873 -0.02583299   -0.06858873 -0.02583299    1.01001803  0.00000000
    1    2
  0.37321006  0.30339505   -0.08822180  0.05092108    0.02775764 -0.01508346
 -0.08822180  0.05092108    0.37321006  0.30339505    0.02775764 -0.01508346
  0.02775764 -0.01508346    0.02775764 -0.01508346    0.38334808  0.30937791
    2    1
  0.37321006 -0.30339505   -0.08822180 -0.05092108    0.02775764  0.01508346
 -0.08822180 -0.05092108    0.37321006 -0.30339505    0.02775764  0.01508346
  0.02775764  0.01508346    0.02775764  0.01508346    0.38334808 -0.30937791
    2    2
  0.82250030 -0.00000000    0.03075091 -0.00000000   -0.06858873 -0.02583299
  0.03075091 -0.00000000    0.82250030 -0.00000000   -0.06858873 -0.02583299
 -0.06858873  0.02583299   -0.06858873  0.02583299    1.01001803 -0.00000000

     Dynamical  Matrix in cartesian axes

     q = (    0.166666667   0.166666667   0.500000000 ) 

    1    1
  0.82250030 -0.00000000    0.03075091 -0.00000000    0.06858873 -0.02583299
  0.03075091 -0.00000000    0.82250030 -0.00000000    0.06858873 -0.02583299
  0.06858873  0.02583299    0.06858873  0.02583299    1.01001803 -0.00000000
    1    2
  0.37321006  0.30339505   -0.08822180  0.05092108   -0.02775764  0.01508346
 -0.08822180  0.05092108    0.37321006  0.30339505   -0.02775764  0.01508346
 -0.02775764  0.01508346   -0.02775764  0.01508346    0.38334808  0.30937791
    2    1
  0.37321006 -0.30339505   -0.08822180 -0.05092108   -0.02775764 -0.01508346
 -0.08822180 -0.05092108    0.37321006 -0.30339505   -0.02775764 -0.01508346
 -0.02775764 -0.01508346   -0.02775764 -0.01508346    0.38334808 -0.30937791
    2    2
  0.82250030  0.00000000    0.03075091  0.00000000    0.06858873  0.02583299
  0.03075091  0.00000000    0.82250030  0.00000000    0.06858873  0.02583299
  0.06858873 -0.02583299    0.06858873 -0.02583299    1.01001803  0.00000000

     Dynamical  Matrix in cartesian axes

     q = (    0.166666667  -0.166666667  -0.500000000 ) 

    1    1
  0.82250030 -0.00000000   -0.03075091  0.00000000   -0.06858873  0.02583299
 -0.03075091  0.00000000    0.82250030 -0.00000000    0.06858873 -0.02583299
 -0.06858873 -0.02583299    0.06858873  0.02583299    1.01001803 -0.00000000
    1    2
  0.37321006  0.30339505    0.08822180 -0.05092108    0.02775764 -0.01508346
  0.08822180 -0.05092108    0.37321006  0.30339505   -0.02775764  0.01508346
  0.02775764 -0.01508346   -0.02775764  0.01508346    0.38334808  0.30937791
    2    1
  0.37321006 -0.30339505    0.08822180  0.05092108    0.02775764  0.01508346
  0.08822180  0.05092108    0.37321006 -0.30339505   -0.02775764 -0.01508346
  0.02775764  0.01508346   -0.02775764 -0.01508346    0.38334808 -0.30937791
    2    2
  0.82250030  0.00000000   -0.03075091 -0.00000000   -0.06858873 -0.02583299
 -0.03075091 -0.00000000    0.82250030  0.00000000    0.06858873  0.02583299
 -0.06858873  0.02583299    0.06858873 -0.02583299    1.01001803  0.00000000

     Dynamical  Matrix in cartesian axes

     q = (   -0.500000000   0.166666667  -0.166666667 ) 

    1    1
  1.01001803 -0.00000000   -0.06858873 -0.02583299    0.06858873  0.02583299
 -0.06858873  0.02583299    0.82250030 -0.00000000   -0.03075091  0.00000000
  0.06858873 -0.02583299   -0.03075091  0.00000000    0.82250030 -0.00000000
    1    2
  0.38334808  0.30937791    0.02775764 -0.01508346   -0.02775764  0.01508346
  0.02775764 -0.01508346    0.37321006  0.30339505    0.08822180 -0.05092108
 -0.02775764  0.01508346    0.08822180 -0.05092108    0.37321006  0.30339505
    2    1
  0.38334808 -0.30937791    0.02775764  0.01508346   -0.02775764 -0.01508346
  0.02775764  0.01508346    0.37321006 -0.30339505    0.08822180  0.05092108
 -0.02775764 -0.01508346    0.08822180  0.05092108    0.37321006 -0.30339505
    2    2
  1.01001803  0.00000000   -0.06858873  0.02583299    0.06858873 -0.02583299
 -0.06858873 -0.02583299    0.82250030  0.00000000   -0.03075091 -0.00000000
  0.06858873  0.02583299   -0.03075091 -0.00000000    0.82250030  0.00000000

     Dynamical  Matrix in cartesian axes

     q = (   -0.500000000  -0.166666667  -0.166666667 ) 

    1    1
  1.01001803 -0.00000000    0.06858873 -0.02583299    0.06858873 -0.02583299
  0.06858873  0.02583299    0.82250030 -0.00000000    0.03075091  0.00000000
  0.06858873  0.02583299    0.03075091  0.00000000    0.82250030 -0.00000000
    1    2
 -0.38334808  0.30937791    0.02775764  0.01508346    0.02775764  0.01508346
  0.02775764  0.01508346   -0.37321006  0.30339505    0.08822180  0.05092108
  0.02775764  0.01508346    0.08822180  0.05092108   -0.37321006  0.30339505
    2    1
 -0.38334808 -0.30937791    0.02775764 -0.01508346    0.02775764 -0.01508346
  0.02775764 -0.01508346   -0.37321006 -0.30339505    0.08822180 -0.05092108
  0.02775764 -0.01508346    0.08822180 -0.05092108   -0.37321006 -0.30339505
    2    2
  1.01001803  0.00000000    0.06858873  0.02583299    0.06858873  0.02583299
  0.06858873 -0.02583299    0.82250030  0.00000000    0.03075091 -0.00000000
  0.06858873 -0.02583299    0.03075091 -0.00000000    0.82250030  0.00000000

     Dynamical  Matrix in cartesian axes

     q = (    0.166666667  -0.500000000   0.166666667 ) 

    1    1
  0.82250030  0.00000000   -0.06858873 -0.02583299    0.03075091  0.00000000
 -0.06858873  0.02583299    1.01001803  0.00000000   -0.06858873  0.02583299
  0.03075091  0.00000000   -0.06858873 -0.02583299    0.82250030  0.00000000
    1    2
  0.37321006 -0.30339505    0.02775764  0.01508346   -0.08822180 -0.05092108
  0.02775764  0.01508346    0.38334808 -0.30937791    0.02775764  0.01508346
 -0.08822180 -0.05092108    0.02775764  0.01508346    0.37321006 -0.30339505
    2    1
  0.37321006  0.30339505    0.02775764 -0.01508346   -0.08822180  0.05092108
  0.02775764 -0.01508346    0.38334808  0.30937791    0.02775764 -0.01508346
 -0.08822180  0.05092108    0.02775764 -0.01508346    0.37321006  0.30339505
    2    2
  0.82250030 -0.00000000   -0.06858873  0.02583299    0.03075091 -0.00000000
 -0.06858873 -0.02583299    1.01001803 -0.00000000   -0.06858873 -0.02583299
  0.03075091 -0.00000000   -0.06858873  0.02583299    0.82250030 -0.00000000

     Dynamical  Matrix in cartesian axes

     q = (    0.500000000   0.166666667  -0.166666667 ) 

    1    1
  1.01001803 -0.00000000    0.06858873 -0.02583299   -0.06858873  0.02583299
  0.06858873  0.02583299    0.82250030 -0.00000000   -0.03075091  0.00000000
 -0.06858873 -0.02583299   -0.03075091  0.00000000    0.82250030 -0.00000000
    1    2
  0.38334808 -0.30937791   -0.02775764 -0.01508346    0.02775764  0.01508346
 -0.02775764 -0.01508346    0.37321006 -0.30339505    0.08822180  0.05092108
  0.02775764  0.01508346    0.08822180  0.05092108    0.37321006 -0.30339505
    2    1
  0.38334808  0.30937791   -0.02775764  0.01508346    0.02775764 -0.01508346
 -0.02775764  0.01508346    0.37321006  0.30339505    0.08822180 -0.05092108
  0.02775764 -0.01508346    0.08822180 -0.05092108    0.37321006  0.30339505
    2    2
  1.01001803  0.00000000    0.06858873  0.02583299   -0.06858873 -0.02583299
  0.06858873 -0.02583299    0.82250030  0.00000000   -0.03075091 -0.00000000
 -0.06858873  0.02583299   -0.03075091 -0.00000000    0.82250030  0.00000000

     Dynamical  Matrix in cartesian axes

     q = (    0.166666667   0.166666667  -0.500000000 ) 

    1    1
  0.82250030 -0.00000000    0.03075091 -0.00000000   -0.06858873 -0.02583299
  0.03075091 -0.00000000    0.82250030 -0.00000000   -0.06858873 -0.02583299
 -0.06858873  0.02583299   -0.06858873  0.02583299    1.01001803 -0.00000000
    1    2
  0.37321006 -0.30339505   -0.08822180 -0.05092108    0.02775764  0.01508346
 -0.08822180 -0.05092108    0.37321006 -0.30339505    0.02775764  0.01508346
  0.02775764  0.01508346    0.02775764  0.01508346    0.38334808 -0.30937791
    2    1
  0.37321006  0.30339505   -0.08822180  0.05092108    0.02775764 -0.01508346
 -0.08822180  0.05092108    0.37321006  0.30339505    0.02775764 -0.01508346
  0.02775764 -0.01508346    0.02775764 -0.01508346    0.38334808  0.30937791
    2    2
  0.82250030  0.00000000    0.03075091  0.00000000   -0.06858873  0.02583299
  0.03075091  0.00000000    0.82250030  0.00000000   -0.06858873  0.02583299
 -0.06858873 -0.02583299   -0.06858873 -0.02583299    1.01001803  0.00000000

     Dynamical  Matrix in cartesian axes

     q = (   -0.166666667  -0.166666667  -0.500000000 ) 

    1    1
  0.82250030  0.00000000    0.03075091  0.00000000    0.06858873  0.02583299
  0.03075091  0.00000000    0.82250030  0.00000000    0.06858873  0.02583299
  0.06858873 -0.02583299    0.06858873 -0.02583299    1.01001803  0.00000000
    1    2
  0.37321006 -0.30339505   -0.08822180 -0.05092108   -0.02775764 -0.01508346
 -0.08822180 -0.05092108    0.37321006 -0.30339505   -0.02775764 -0.01508346
 -0.02775764 -0.01508346   -0.02775764 -0.01508346    0.38334808 -0.30937791
    2    1
  0.37321006  0.30339505   -0.08822180  0.05092108   -0.02775764  0.01508346
 -0.08822180  0.05092108    0.37321006  0.30339505   -0.02775764  0.01508346
 -0.02775764  0.01508346   -0.02775764  0.01508346    0.38334808  0.30937791
    2    2
  0.82250030 -0.00000000    0.03075091 -0.00000000    0.06858873 -0.02583299
  0.03075091 -0.00000000    0.82250030 -0.00000000    0.06858873 -0.02583299
  0.06858873  0.02583299    0.06858873  0.02583299    1.01001803 -0.00000000

     Dynamical  Matrix in cartesian axes

     q = (   -0.500000000   0.166666667   0.166666667 ) 

    1    1
  1.01001803  0.00000000   -0.06858873  0.02583299   -0.06858873  0.02583299
 -0.06858873 -0.02583299    0.82250030  0.00000000    0.03075091 -0.00000000
 -0.06858873 -0.02583299    0.03075091 -0.00000000    0.82250030  0.00000000
    1    2
  0.38334808 -0.30937791    0.02775764  0.01508346    0.02775764  0.01508346
  0.02775764  0.01508346    0.37321006 -0.30339505   -0.08822180 -0.05092108
  0.02775764  0.01508346   -0.08822180 -0.05092108    0.37321006 -0.30339505
    2    1
  0.38334808  0.30937791    0.02775764 -0.01508346    0.02775764 -0.01508346
  0.02775764 -0.01508346    0.37321006  0.30339505   -0.08822180  0.05092108
  0.02775764 -0.01508346   -0.08822180  0.05092108    0.37321006  0.30339505
    2    2
  1.01001803 -0.00000000   -0.06858873 -0.02583299   -0.06858873 -0.02583299
 -0.06858873  0.02583299    0.82250030 -0.00000000    0.03075091  0.00000000
 -0.06858873  0.02583299    0.03075091  0.00000000    0.82250030 -0.00000000

     Dynamical  Matrix in cartesian axes

     q = (   -0.166666667   0.166666667   0.500000000 ) 

    1    1
  0.82250030  0.00000000   -0.03075091 -0.00000000   -0.06858873 -0.02583299
 -0.03075091 -0.00000000    0.82250030  0.00000000    0.06858873  0.02583299
 -0.06858873  0.02583299    0.06858873 -0.02583299    1.01001803  0.00000000
    1    2
  0.37321006 -0.30339505    0.08822180  0.05092108    0.02775764  0.01508346
  0.08822180  0.05092108    0.37321006 -0.30339505   -0.02775764 -0.01508346
  0.02775764  0.01508346   -0.02775764 -0.01508346    0.38334808 -0.30937791
    2    1
  0.37321006  0.30339505    0.08822180 -0.05092108    0.02775764 -0.01508346
  0.08822180 -0.05092108    0.37321006  0.30339505   -0.02775764  0.01508346
  0.02775764 -0.01508346   -0.02775764  0.01508346    0.38334808  0.30937791
    2    2
  0.82250030 -0.00000000   -0.03075091  0.00000000   -0.06858873  0.02583299
 -0.03075091  0.00000000    0.82250030 -0.00000000    0.06858873 -0.02583299
 -0.06858873 -0.02583299    0.06858873  0.02583299    1.01001803 -0.00000000

     Diagonalizing the dynamical matrix

     q = (   -0.166666667   0.500000000  -0.166666667 ) 

 **************************************************************************
     freq (    1) =      16.216832 [THz] =     540.935276 [cm-1]
 (  0.438634  0.240000 -0.000000 -0.000000 -0.438634 -0.240000 ) 
 ( -0.500000 -0.000000  0.000000 -0.000000  0.500000  0.000000 ) 
     freq (    2) =      18.207777 [THz] =     607.346051 [cm-1]
 ( -0.303709 -0.301809 -0.272160 -0.243462 -0.303709 -0.301809 ) 
 (  0.428168  0.000000  0.364661  0.019149  0.428168  0.000000 ) 
     freq (    3) =      23.762979 [THz] =     792.647648 [cm-1]
 (  0.073158  0.254070 -0.338442 -0.495630  0.073158  0.254070 ) 
 ( -0.264393  0.000000  0.569926  0.188086 -0.264393  0.000000 ) 
     freq (    4) =      35.710826 [THz] =    1191.184927 [cm-1]
 (  0.280369  0.371719  0.226812  0.122446  0.280369  0.371719 ) 
 (  0.465598 -0.000000  0.234337  0.107346  0.465598  0.000000 ) 
     freq (    5) =      36.110512 [THz] =    1204.517042 [cm-1]
 (  0.438634  0.240000  0.000000  0.000000 -0.438634 -0.240000 ) 
 (  0.500000 -0.000000  0.000000 -0.000000 -0.500000  0.000000 ) 
     freq (    6) =      38.937631 [THz] =    1298.819559 [cm-1]
 (  0.108807  0.134714 -0.453638 -0.483982  0.108807  0.134714 ) 
 (  0.173167 -0.000000 -0.661547 -0.048800  0.173167  0.000000 ) 
 **************************************************************************
