Dynamical matrix file
default                                                                    
  1    2  2  6.7568759  0.0000000  0.0000000  0.0000000  0.0000000  0.0000000
           1  'C   '    10937.330905587271     
    1    1     -0.1250000000      0.1250000000      0.1250000000
    2    1     -0.8750000000      0.8750000000      0.8750000000

     Dynamical  Matrix in cartesian axes

     q = (    0.500000000  -0.166666667   0.500000000 ) 

    1    1
  0.91239151  0.00000000   -0.07071402  0.05098763    0.12333663  0.00000000
 -0.07071402 -0.05098763    0.93246029  0.00000000   -0.07071402 -0.05098763
  0.12333663  0.00000000   -0.07071402  0.05098763    0.91239151  0.00000000
    1    2
 -0.17802525 -0.33370645    0.03480233 -0.06863020    0.01838813  0.07445684
  0.03480233 -0.06863020   -0.19547308 -0.33612191    0.03480233 -0.06863020
  0.01838813  0.07445684    0.03480233 -0.06863020   -0.17802525 -0.33370645
    2    1
 -0.17802525  0.33370645    0.03480233  0.06863020    0.01838813 -0.07445684
  0.03480233  0.06863020   -0.19547308  0.33612191    0.03480233  0.06863020
  0.01838813 -0.07445684    0.03480233  0.06863020   -0.17802525  0.33370645
    2    2
  0.91239151  0.00000000   -0.07071402 -0.05098763    0.12333663  0.00000000
 -0.07071402  0.05098763    0.93246029  0.00000000   -0.07071402  0.05098763
  0.12333663  0.00000000   -0.07071402 -0.05098763    0.91239151  0.00000000

     Dynamical  Matrix in cartesian axes

     q = (   -0.500000000  -0.166666667  -0.500000000 ) 

    1    1
  0.91239151  0.00000000    0.07071402 -0.05098763    0.12333663  0.00000000
  0.07071402  0.05098763    0.93246029  0.00000000    0.07071402  0.05098763
  0.12333663  0.00000000    0.07071402 -0.05098763    0.91239151  0.00000000
    1    2
 -0.17802525 -0.33370645   -0.03480233  0.06863020    0.01838813  0.07445684
 -0.03480233  0.06863020   -0.19547308 -0.33612191   -0.03480233  0.06863020
  0.01838813  0.07445684   -0.03480233  0.06863020   -0.17802525 -0.33370645
    2    1
 -0.17802525  0.33370645   -0.03480233 -0.06863020    0.01838813 -0.07445684
 -0.03480233 -0.06863020   -0.19547308  0.33612191   -0.03480233 -0.06863020
  0.01838813 -0.07445684   -0.03480233 -0.06863020   -0.17802525  0.33370645
    2    2
  0.91239151  0.00000000    0.07071402  0.05098763    0.12333663  0.00000000
  0.07071402 -0.05098763    0.93246029  0.00000000    0.07071402 -0.05098763
  0.12333663  0.00000000    0.07071402  0.05098763    0.91239151  0.00000000

     Dynamical  Matrix in cartesian axes

     q = (    0.500000000  -0.166666667  -0.500000000 ) 

    1    1
  0.91239151  0.00000000   -0.07071402 -0.05098763   -0.12333663  0.00000000
 -0.07071402  0.05098763    0.93246029  0.00000000    0.07071402 -0.05098763
 -0.12333663  0.00000000    0.07071402  0.05098763    0.91239151  0.00000000
    1    2
 -0.17802525  0.33370645    0.03480233  0.06863020   -0.01838813  0.07445684
  0.03480233  0.06863020   -0.19547308  0.33612191   -0.03480233 -0.06863020
 -0.01838813  0.07445684   -0.03480233 -0.06863020   -0.17802525  0.33370645
    2    1
 -0.17802525 -0.33370645    0.03480233 -0.06863020   -0.01838813 -0.07445684
  0.03480233 -0.06863020   -0.19547308 -0.33612191   -0.03480233  0.06863020
 -0.01838813 -0.07445684   -0.03480233  0.06863020   -0.17802525 -0.33370645
    2    2
  0.91239151  0.00000000   -0.07071402  0.05098763   -0.12333663  0.00000000
 -0.07071402 -0.05098763    0.93246029  0.00000000    0.07071402  0.05098763
 -0.12333663  0.00000000    0.07071402 -0.05098763    0.91239151  0.00000000

     Dynamical  Matrix in cartesian axes

     q = (   -0.500000000  -0.166666667   0.500000000 ) 

    1    1
  0.91239151  0.00000000    0.07071402  0.05098763   -0.12333663  0.00000000
  0.07071402 -0.05098763    0.93246029  0.00000000   -0.07071402  0.05098763
 -0.12333663  0.00000000   -0.07071402 -0.05098763    0.91239151  0.00000000
    1    2
  0.17802525 -0.33370645    0.03480233  0.06863020    0.01838813 -0.07445684
  0.03480233  0.06863020    0.19547308 -0.33612191   -0.03480233 -0.06863020
  0.01838813 -0.07445684   -0.03480233 -0.06863020    0.17802525 -0.33370645
    2    1
  0.17802525  0.33370645    0.03480233 -0.06863020    0.01838813  0.07445684
  0.03480233 -0.06863020    0.19547308  0.33612191   -0.03480233  0.06863020
  0.01838813  0.07445684   -0.03480233  0.06863020    0.17802525  0.33370645
    2    2
  0.91239151  0.00000000    0.07071402 -0.05098763   -0.12333663  0.00000000
  0.07071402  0.05098763    0.93246029  0.00000000   -0.07071402 -0.05098763
 -0.12333663  0.00000000   -0.07071402  0.05098763    0.91239151  0.00000000

     Dynamical  Matrix in cartesian axes

     q = (   -0.166666667   0.500000000  -0.500000000 ) 

    1    1
  0.93246029  0.00000000   -0.07071402  0.05098763    0.07071402 -0.05098763
 -0.07071402 -0.05098763    0.91239151  0.00000000   -0.12333663  0.00000000
  0.07071402  0.05098763   -0.12333663  0.00000000    0.91239151  0.00000000
    1    2
 -0.19547308  0.33612191    0.03480233  0.06863020   -0.03480233 -0.06863020
  0.03480233  0.06863020   -0.17802525  0.33370645   -0.01838813  0.07445684
 -0.03480233 -0.06863020   -0.01838813  0.07445684   -0.17802525  0.33370645
    2    1
 -0.19547308 -0.33612191    0.03480233 -0.06863020   -0.03480233  0.06863020
  0.03480233 -0.06863020   -0.17802525 -0.33370645   -0.01838813 -0.07445684
 -0.03480233  0.06863020   -0.01838813 -0.07445684   -0.17802525 -0.33370645
    2    2
  0.93246029  0.00000000   -0.07071402 -0.05098763    0.07071402  0.05098763
 -0.07071402  0.05098763    0.91239151  0.00000000   -0.12333663  0.00000000
  0.07071402 -0.05098763   -0.12333663  0.00000000    0.91239151  0.00000000

     Dynamical  Matrix in cartesian axes

     q = (   -0.500000000   0.500000000  -0.166666667 ) 

    1    1
  0.91239151  0.00000000   -0.12333663  0.00000000    0.07071402  0.05098763
 -0.12333663  0.00000000    0.91239151  0.00000000   -0.07071402 -0.05098763
  0.07071402 -0.05098763   -0.07071402  0.05098763    0.93246029  0.00000000
    1    2
  0.17802525 -0.33370645    0.01838813 -0.07445684    0.03480233  0.06863020
  0.01838813 -0.07445684    0.17802525 -0.33370645   -0.03480233 -0.06863020
  0.03480233  0.06863020   -0.03480233 -0.06863020    0.19547308 -0.33612191
    2    1
  0.17802525  0.33370645    0.01838813  0.07445684    0.03480233 -0.06863020
  0.01838813  0.07445684    0.17802525  0.33370645   -0.03480233  0.06863020
  0.03480233 -0.06863020   -0.03480233  0.06863020    0.19547308  0.33612191
    2    2
  0.91239151  0.00000000   -0.12333663  0.00000000    0.07071402 -0.05098763
 -0.12333663  0.00000000    0.91239151  0.00000000   -0.07071402  0.05098763
  0.07071402  0.05098763   -0.07071402 -0.05098763    0.93246029  0.00000000

     Dynamical  Matrix in cartesian axes

     q = (    0.500000000   0.166666667   0.500000000 ) 

    1    1
  0.91239151  0.00000000    0.07071402  0.05098763    0.12333663  0.00000000
  0.07071402 -0.05098763    0.93246029  0.00000000    0.07071402 -0.05098763
  0.12333663  0.00000000    0.07071402  0.05098763    0.91239151  0.00000000
    1    2
 -0.17802525  0.33370645   -0.03480233 -0.06863020    0.01838813 -0.07445684
 -0.03480233 -0.06863020   -0.19547308  0.33612191   -0.03480233 -0.06863020
  0.01838813 -0.07445684   -0.03480233 -0.06863020   -0.17802525  0.33370645
    2    1
 -0.17802525 -0.33370645   -0.03480233  0.06863020    0.01838813  0.07445684
 -0.03480233  0.06863020   -0.19547308 -0.33612191   -0.03480233  0.06863020
  0.01838813  0.07445684   -0.03480233  0.06863020   -0.17802525 -0.33370645
    2    2
  0.91239151  0.00000000    0.07071402 -0.05098763    0.12333663  0.00000000
  0.07071402  0.05098763    0.93246029  0.00000000    0.07071402  0.05098763
  0.12333663  0.00000000    0.07071402 -0.05098763    0.91239151  0.00000000

     Dynamical  Matrix in cartesian axes

     q = (   -0.500000000   0.166666667   0.500000000 ) 

    1    1
  0.91239151  0.00000000   -0.07071402  0.05098763   -0.12333663  0.00000000
 -0.07071402 -0.05098763    0.93246029  0.00000000    0.07071402  0.05098763
 -0.12333663  0.00000000    0.07071402 -0.05098763    0.91239151  0.00000000
    1    2
 -0.17802525 -0.33370645    0.03480233 -0.06863020   -0.01838813 -0.07445684
  0.03480233 -0.06863020   -0.19547308 -0.33612191   -0.03480233  0.06863020
 -0.01838813 -0.07445684   -0.03480233  0.06863020   -0.17802525 -0.33370645
    2    1
 -0.17802525  0.33370645    0.03480233  0.06863020   -0.01838813  0.07445684
  0.03480233  0.06863020   -0.19547308  0.33612191   -0.03480233 -0.06863020
 -0.01838813  0.07445684   -0.03480233 -0.06863020   -0.17802525  0.33370645
    2    2
  0.91239151  0.00000000   -0.07071402 -0.05098763   -0.12333663  0.00000000
 -0.07071402  0.05098763    0.93246029  0.00000000    0.07071402 -0.05098763
 -0.12333663  0.00000000    0.07071402  0.05098763    0.91239151  0.00000000

     Dynamical  Matrix in cartesian axes

     q = (    0.500000000   0.166666667  -0.500000000 ) 

    1    1
  0.91239151  0.00000000    0.07071402 -0.05098763   -0.12333663  0.00000000
  0.07071402  0.05098763    0.93246029  0.00000000   -0.07071402 -0.05098763
 -0.12333663  0.00000000   -0.07071402  0.05098763    0.91239151  0.00000000
    1    2
  0.17802525  0.33370645    0.03480233 -0.06863020    0.01838813  0.07445684
  0.03480233 -0.06863020    0.19547308  0.33612191   -0.03480233  0.06863020
  0.01838813  0.07445684   -0.03480233  0.06863020    0.17802525  0.33370645
    2    1
  0.17802525 -0.33370645    0.03480233  0.06863020    0.01838813 -0.07445684
  0.03480233  0.06863020    0.19547308 -0.33612191   -0.03480233 -0.06863020
  0.01838813 -0.07445684   -0.03480233 -0.06863020    0.17802525 -0.33370645
    2    2
  0.91239151  0.00000000    0.07071402  0.05098763   -0.12333663  0.00000000
  0.07071402 -0.05098763    0.93246029  0.00000000   -0.07071402  0.05098763
 -0.12333663  0.00000000   -0.07071402 -0.05098763    0.91239151  0.00000000

     Dynamical  Matrix in cartesian axes

     q = (   -0.166666667   0.500000000   0.500000000 ) 

    1    1
  0.93246029  0.00000000   -0.07071402 -0.05098763   -0.07071402 -0.05098763
 -0.07071402  0.05098763    0.91239151  0.00000000    0.12333663  0.00000000
 -0.07071402  0.05098763    0.12333663  0.00000000    0.91239151  0.00000000
    1    2
 -0.19547308 -0.33612191    0.03480233 -0.06863020    0.03480233 -0.06863020
  0.03480233 -0.06863020   -0.17802525 -0.33370645    0.01838813  0.07445684
  0.03480233 -0.06863020    0.01838813  0.07445684   -0.17802525 -0.33370645
    2    1
 -0.19547308  0.33612191    0.03480233  0.06863020    0.03480233  0.06863020
  0.03480233  0.06863020   -0.17802525  0.33370645    0.01838813 -0.07445684
  0.03480233  0.06863020    0.01838813 -0.07445684   -0.17802525  0.33370645
    2    2
  0.93246029  0.00000000   -0.07071402  0.05098763   -0.07071402  0.05098763
 -0.07071402 -0.05098763    0.91239151  0.00000000    0.12333663  0.00000000
 -0.07071402 -0.05098763    0.12333663  0.00000000    0.91239151  0.00000000

     Dynamical  Matrix in cartesian axes

     q = (    0.166666667   0.500000000  -0.500000000 ) 

    1    1
  0.93246029  0.00000000    0.07071402  0.05098763   -0.07071402 -0.05098763
  0.07071402 -0.05098763    0.91239151  0.00000000   -0.12333663  0.00000000
 -0.07071402  0.05098763   -0.12333663  0.00000000    0.91239151  0.00000000
    1    2
 -0.19547308 -0.33612191   -0.03480233  0.06863020    0.03480233 -0.06863020
 -0.03480233  0.06863020   -0.17802525 -0.33370645   -0.01838813 -0.07445684
  0.03480233 -0.06863020   -0.01838813 -0.07445684   -0.17802525 -0.33370645
    2    1
 -0.19547308  0.33612191   -0.03480233 -0.06863020    0.03480233  0.06863020
 -0.03480233 -0.06863020   -0.17802525  0.33370645   -0.01838813  0.07445684
  0.03480233  0.06863020   -0.01838813  0.07445684   -0.17802525  0.33370645
    2    2
  0.93246029  0.00000000    0.07071402 -0.05098763   -0.07071402  0.05098763
  0.07071402  0.05098763    0.91239151  0.00000000   -0.12333663  0.00000000
 -0.07071402 -0.05098763   -0.12333663  0.00000000    0.91239151  0.00000000

     Dynamical  Matrix in cartesian axes

     q = (   -0.166666667  -0.500000000  -0.500000000 ) 

    1    1
  0.93246029  0.00000000    0.07071402  0.05098763    0.07071402  0.05098763
  0.07071402 -0.05098763    0.91239151  0.00000000    0.12333663  0.00000000
  0.07071402 -0.05098763    0.12333663  0.00000000    0.91239151  0.00000000
    1    2
  0.19547308  0.33612191    0.03480233 -0.06863020    0.03480233 -0.06863020
  0.03480233 -0.06863020    0.17802525  0.33370645   -0.01838813 -0.07445684
  0.03480233 -0.06863020   -0.01838813 -0.07445684    0.17802525  0.33370645
    2    1
  0.19547308 -0.33612191    0.03480233  0.06863020    0.03480233  0.06863020
  0.03480233  0.06863020    0.17802525 -0.33370645   -0.01838813  0.07445684
  0.03480233  0.06863020   -0.01838813  0.07445684    0.17802525 -0.33370645
    2    2
  0.93246029  0.00000000    0.07071402 -0.05098763    0.07071402 -0.05098763
  0.07071402  0.05098763    0.91239151  0.00000000    0.12333663  0.00000000
  0.07071402  0.05098763    0.12333663  0.00000000    0.91239151  0.00000000

     Dynamical  Matrix in cartesian axes

     q = (    0.500000000  -0.500000000   0.166666667 ) 

    1    1
  0.91239151  0.00000000   -0.12333663  0.00000000    0.07071402 -0.05098763
 -0.12333663  0.00000000    0.91239151  0.00000000   -0.07071402  0.05098763
  0.07071402  0.05098763   -0.07071402 -0.05098763    0.93246029  0.00000000
    1    2
  0.17802525  0.33370645    0.01838813  0.07445684    0.03480233 -0.06863020
  0.01838813  0.07445684    0.17802525  0.33370645   -0.03480233  0.06863020
  0.03480233 -0.06863020   -0.03480233  0.06863020    0.19547308  0.33612191
    2    1
  0.17802525 -0.33370645    0.01838813 -0.07445684    0.03480233  0.06863020
  0.01838813 -0.07445684    0.17802525 -0.33370645   -0.03480233 -0.06863020
  0.03480233  0.06863020   -0.03480233 -0.06863020    0.19547308 -0.33612191
    2    2
  0.91239151  0.00000000   -0.12333663  0.00000000    0.07071402  0.05098763
 -0.12333663  0.00000000    0.91239151  0.00000000   -0.07071402 -0.05098763
  0.07071402 -0.05098763   -0.07071402  0.05098763    0.93246029  0.00000000

     Dynamical  Matrix in cartesian axes

     q = (    0.500000000   0.500000000  -0.166666667 ) 

    1    1
  0.91239151  0.00000000    0.12333663  0.00000000   -0.07071402  0.05098763
  0.12333663  0.00000000    0.91239151  0.00000000   -0.07071402  0.05098763
 -0.07071402 -0.05098763   -0.07071402 -0.05098763    0.93246029  0.00000000
    1    2
 -0.17802525 -0.33370645    0.01838813  0.07445684    0.03480233 -0.06863020
  0.01838813  0.07445684   -0.17802525 -0.33370645    0.03480233 -0.06863020
  0.03480233 -0.06863020    0.03480233 -0.06863020   -0.19547308 -0.33612191
    2    1
 -0.17802525  0.33370645    0.01838813 -0.07445684    0.03480233  0.06863020
  0.01838813 -0.07445684   -0.17802525  0.33370645    0.03480233  0.06863020
  0.03480233  0.06863020    0.03480233  0.06863020   -0.19547308  0.33612191
    2    2
  0.91239151  0.00000000    0.12333663  0.00000000   -0.07071402 -0.05098763
  0.12333663  0.00000000    0.91239151  0.00000000   -0.07071402 -0.05098763
 -0.07071402  0.05098763   -0.07071402  0.05098763    0.93246029  0.00000000

     Dynamical  Matrix in cartesian axes

     q = (   -0.500000000  -0.500000000  -0.166666667 ) 

    1    1
  0.91239151  0.00000000    0.12333663  0.00000000    0.07071402 -0.05098763
  0.12333663  0.00000000    0.91239151  0.00000000    0.07071402 -0.05098763
  0.07071402  0.05098763    0.07071402  0.05098763    0.93246029  0.00000000
    1    2
 -0.17802525 -0.33370645    0.01838813  0.07445684   -0.03480233  0.06863020
  0.01838813  0.07445684   -0.17802525 -0.33370645   -0.03480233  0.06863020
 -0.03480233  0.06863020   -0.03480233  0.06863020   -0.19547308 -0.33612191
    2    1
 -0.17802525  0.33370645    0.01838813 -0.07445684   -0.03480233 -0.06863020
  0.01838813 -0.07445684   -0.17802525  0.33370645   -0.03480233 -0.06863020
 -0.03480233 -0.06863020   -0.03480233 -0.06863020   -0.19547308  0.33612191
    2    2
  0.91239151  0.00000000    0.12333663  0.00000000    0.07071402  0.05098763
  0.12333663  0.00000000    0.91239151  0.00000000    0.07071402  0.05098763
  0.07071402 -0.05098763    0.07071402 -0.05098763    0.93246029  0.00000000

     Dynamical  Matrix in cartesian axes

     q = (   -0.500000000   0.500000000   0.166666667 ) 

    1    1
  0.91239151  0.00000000   -0.12333663  0.00000000   -0.07071402  0.05098763
 -0.12333663  0.00000000    0.91239151  0.00000000    0.07071402 -0.05098763
 -0.07071402 -0.05098763    0.07071402  0.05098763    0.93246029  0.00000000
    1    2
 -0.17802525 -0.33370645   -0.01838813 -0.07445684    0.03480233 -0.06863020
 -0.01838813 -0.07445684   -0.17802525 -0.33370645   -0.03480233  0.06863020
  0.03480233 -0.06863020   -0.03480233  0.06863020   -0.19547308 -0.33612191
    2    1
 -0.17802525  0.33370645   -0.01838813  0.07445684    0.03480233  0.06863020
 -0.01838813  0.07445684   -0.17802525  0.33370645   -0.03480233 -0.06863020
  0.03480233  0.06863020   -0.03480233 -0.06863020   -0.19547308  0.33612191
    2    2
  0.91239151  0.00000000   -0.12333663  0.00000000   -0.07071402 -0.05098763
 -0.12333663  0.00000000    0.91239151  0.00000000    0.07071402  0.05098763
 -0.07071402  0.05098763    0.07071402 -0.05098763    0.93246029  0.00000000

     Dynamical  Matrix in cartesian axes

     q = (    0.166666667  -0.500000000   0.500000000 ) 

    1    1
  0.93246029  0.00000000   -0.07071402 -0.05098763    0.07071402  0.05098763
 -0.07071402  0.05098763    0.91239151  0.00000000   -0.12333663  0.00000000
  0.07071402 -0.05098763   -0.12333663  0.00000000    0.91239151  0.00000000
    1    2
 -0.19547308 -0.33612191    0.03480233 -0.06863020   -0.03480233  0.06863020
  0.03480233 -0.06863020   -0.17802525 -0.33370645   -0.01838813 -0.07445684
 -0.03480233  0.06863020   -0.01838813 -0.07445684   -0.17802525 -0.33370645
    2    1
 -0.19547308  0.33612191    0.03480233  0.06863020   -0.03480233 -0.06863020
  0.03480233  0.06863020   -0.17802525  0.33370645   -0.01838813  0.07445684
 -0.03480233 -0.06863020   -0.01838813  0.07445684   -0.17802525  0.33370645
    2    2
  0.93246029  0.00000000   -0.07071402  0.05098763    0.07071402 -0.05098763
 -0.07071402 -0.05098763    0.91239151  0.00000000   -0.12333663  0.00000000
  0.07071402  0.05098763   -0.12333663  0.00000000    0.91239151  0.00000000

     Dynamical  Matrix in cartesian axes

     q = (    0.166666667   0.500000000   0.500000000 ) 

    1    1
  0.93246029  0.00000000    0.07071402 -0.05098763    0.07071402 -0.05098763
  0.07071402  0.05098763    0.91239151  0.00000000    0.12333663  0.00000000
  0.07071402  0.05098763    0.12333663  0.00000000    0.91239151  0.00000000
    1    2
  0.19547308 -0.33612191    0.03480233  0.06863020    0.03480233  0.06863020
  0.03480233  0.06863020    0.17802525 -0.33370645   -0.01838813  0.07445684
  0.03480233  0.06863020   -0.01838813  0.07445684    0.17802525 -0.33370645
    2    1
  0.19547308  0.33612191    0.03480233 -0.06863020    0.03480233 -0.06863020
  0.03480233 -0.06863020    0.17802525  0.33370645   -0.01838813 -0.07445684
  0.03480233 -0.06863020   -0.01838813 -0.07445684    0.17802525  0.33370645
    2    2
  0.93246029  0.00000000    0.07071402  0.05098763    0.07071402  0.05098763
  0.07071402 -0.05098763    0.91239151  0.00000000    0.12333663  0.00000000
  0.07071402 -0.05098763    0.12333663  0.00000000    0.91239151  0.00000000

     Dynamical  Matrix in cartesian axes

     q = (   -0.500000000   0.166666667  -0.500000000 ) 

    1    1
  0.91239151  0.00000000   -0.07071402 -0.05098763    0.12333663  0.00000000
 -0.07071402  0.05098763    0.93246029  0.00000000   -0.07071402  0.05098763
  0.12333663  0.00000000   -0.07071402 -0.05098763    0.91239151  0.00000000
    1    2
 -0.17802525  0.33370645    0.03480233  0.06863020    0.01838813 -0.07445684
  0.03480233  0.06863020   -0.19547308  0.33612191    0.03480233  0.06863020
  0.01838813 -0.07445684    0.03480233  0.06863020   -0.17802525  0.33370645
    2    1
 -0.17802525 -0.33370645    0.03480233 -0.06863020    0.01838813  0.07445684
  0.03480233 -0.06863020   -0.19547308 -0.33612191    0.03480233 -0.06863020
  0.01838813  0.07445684    0.03480233 -0.06863020   -0.17802525 -0.33370645
    2    2
  0.91239151  0.00000000   -0.07071402  0.05098763    0.12333663  0.00000000
 -0.07071402 -0.05098763    0.93246029  0.00000000   -0.07071402 -0.05098763
  0.12333663  0.00000000   -0.07071402  0.05098763    0.91239151  0.00000000

     Dynamical  Matrix in cartesian axes

     q = (   -0.166666667  -0.500000000   0.500000000 ) 

    1    1
  0.93246029  0.00000000    0.07071402 -0.05098763   -0.07071402  0.05098763
  0.07071402  0.05098763    0.91239151  0.00000000   -0.12333663  0.00000000
 -0.07071402 -0.05098763   -0.12333663  0.00000000    0.91239151  0.00000000
    1    2
 -0.19547308  0.33612191   -0.03480233 -0.06863020    0.03480233  0.06863020
 -0.03480233 -0.06863020   -0.17802525  0.33370645   -0.01838813  0.07445684
  0.03480233  0.06863020   -0.01838813  0.07445684   -0.17802525  0.33370645
    2    1
 -0.19547308 -0.33612191   -0.03480233  0.06863020    0.03480233 -0.06863020
 -0.03480233  0.06863020   -0.17802525 -0.33370645   -0.01838813 -0.07445684
  0.03480233 -0.06863020   -0.01838813 -0.07445684   -0.17802525 -0.33370645
    2    2
  0.93246029  0.00000000    0.07071402  0.05098763   -0.07071402 -0.05098763
  0.07071402 -0.05098763    0.91239151  0.00000000   -0.12333663  0.00000000
 -0.07071402  0.05098763   -0.12333663  0.00000000    0.91239151  0.00000000

     Dynamical  Matrix in cartesian axes

     q = (   -0.500000000  -0.500000000   0.166666667 ) 

    1    1
  0.91239151  0.00000000    0.12333663  0.00000000   -0.07071402 -0.05098763
  0.12333663  0.00000000    0.91239151  0.00000000   -0.07071402 -0.05098763
 -0.07071402  0.05098763   -0.07071402  0.05098763    0.93246029  0.00000000
    1    2
 -0.17802525  0.33370645    0.01838813 -0.07445684    0.03480233  0.06863020
  0.01838813 -0.07445684   -0.17802525  0.33370645    0.03480233  0.06863020
  0.03480233  0.06863020    0.03480233  0.06863020   -0.19547308  0.33612191
    2    1
 -0.17802525 -0.33370645    0.01838813  0.07445684    0.03480233 -0.06863020
  0.01838813  0.07445684   -0.17802525 -0.33370645    0.03480233 -0.06863020
  0.03480233 -0.06863020    0.03480233 -0.06863020   -0.19547308 -0.33612191
    2    2
  0.91239151  0.00000000    0.12333663  0.00000000   -0.07071402  0.05098763
  0.12333663  0.00000000    0.91239151  0.00000000   -0.07071402  0.05098763
 -0.07071402 -0.05098763   -0.07071402 -0.05098763    0.93246029  0.00000000

     Dynamical  Matrix in cartesian axes

     q = (    0.500000000   0.500000000   0.166666667 ) 

    1    1
  0.91239151  0.00000000    0.12333663  0.00000000    0.07071402  0.05098763
  0.12333663  0.00000000    0.91239151  0.00000000    0.07071402  0.05098763
  0.07071402 -0.05098763    0.07071402 -0.05098763    0.93246029  0.00000000
    1    2
 -0.17802525  0.33370645    0.01838813 -0.07445684   -0.03480233 -0.06863020
  0.01838813 -0.07445684   -0.17802525  0.33370645   -0.03480233 -0.06863020
 -0.03480233 -0.06863020   -0.03480233 -0.06863020   -0.19547308  0.33612191
    2    1
 -0.17802525 -0.33370645    0.01838813  0.07445684   -0.03480233  0.06863020
  0.01838813  0.07445684   -0.17802525 -0.33370645   -0.03480233  0.06863020
 -0.03480233  0.06863020   -0.03480233  0.06863020   -0.19547308 -0.33612191
    2    2
  0.91239151  0.00000000    0.12333663  0.00000000    0.07071402 -0.05098763
  0.12333663  0.00000000    0.91239151  0.00000000    0.07071402 -0.05098763
  0.07071402  0.05098763    0.07071402  0.05098763    0.93246029  0.00000000

     Dynamical  Matrix in cartesian axes

     q = (    0.166666667  -0.500000000  -0.500000000 ) 

    1    1
  0.93246029  0.00000000   -0.07071402  0.05098763   -0.07071402  0.05098763
 -0.07071402 -0.05098763    0.91239151  0.00000000    0.12333663  0.00000000
 -0.07071402 -0.05098763    0.12333663  0.00000000    0.91239151  0.00000000
    1    2
 -0.19547308  0.33612191    0.03480233  0.06863020    0.03480233  0.06863020
  0.03480233  0.06863020   -0.17802525  0.33370645    0.01838813 -0.07445684
  0.03480233  0.06863020    0.01838813 -0.07445684   -0.17802525  0.33370645
    2    1
 -0.19547308 -0.33612191    0.03480233 -0.06863020    0.03480233 -0.06863020
  0.03480233 -0.06863020   -0.17802525 -0.33370645    0.01838813  0.07445684
  0.03480233 -0.06863020    0.01838813  0.07445684   -0.17802525 -0.33370645
    2    2
  0.93246029  0.00000000   -0.07071402 -0.05098763   -0.07071402 -0.05098763
 -0.07071402  0.05098763    0.91239151  0.00000000    0.12333663  0.00000000
 -0.07071402  0.05098763    0.12333663  0.00000000    0.91239151  0.00000000

     Dynamical  Matrix in cartesian axes

     q = (    0.500000000  -0.500000000  -0.166666667 ) 

    1    1
  0.91239151  0.00000000   -0.12333663  0.00000000   -0.07071402 -0.05098763
 -0.12333663  0.00000000    0.91239151  0.00000000    0.07071402  0.05098763
 -0.07071402  0.05098763    0.07071402 -0.05098763    0.93246029  0.00000000
    1    2
 -0.17802525  0.33370645   -0.01838813  0.07445684    0.03480233  0.06863020
 -0.01838813  0.07445684   -0.17802525  0.33370645   -0.03480233 -0.06863020
  0.03480233  0.06863020   -0.03480233 -0.06863020   -0.19547308  0.33612191
    2    1
 -0.17802525 -0.33370645   -0.01838813 -0.07445684    0.03480233 -0.06863020
 -0.01838813 -0.07445684   -0.17802525 -0.33370645   -0.03480233  0.06863020
  0.03480233 -0.06863020   -0.03480233  0.06863020   -0.19547308 -0.33612191
    2    2
  0.91239151  0.00000000   -0.12333663  0.00000000   -0.07071402  0.05098763
 -0.12333663  0.00000000    0.91239151  0.00000000    0.07071402 -0.05098763
 -0.07071402 -0.05098763    0.07071402  0.05098763    0.93246029  0.00000000

     Diagonalizing the dynamical matrix

     q = (    0.500000000  -0.166666667   0.500000000 ) 

 **************************************************************************
     freq (    1) =      18.236789 [THz] =     608.313790 [cm-1]
 ( -0.216810 -0.450548 -0.000000 -0.000000  0.216810  0.450548 ) 
 ( -0.500000  0.000000 -0.000000  0.000000  0.500000  0.000000 ) 
     freq (    2) =      20.971333 [THz] =     699.528369 [cm-1]
 (  0.115952  0.235485  0.220988  0.559793  0.115952  0.235485 ) 
 (  0.262485 -0.000000  0.599833 -0.049031  0.262485  0.000000 ) 
     freq (    3) =      27.887352 [THz] =     930.221924 [cm-1]
 ( -0.213557 -0.344376  0.342928  0.232373 -0.213557 -0.344376 ) 
 ( -0.405218 -0.000000  0.378212  0.168974 -0.405218  0.000000 ) 
     freq (    4) =      35.057689 [THz] =    1169.398633 [cm-1]
 ( -0.216810 -0.450548 -0.000000 -0.000000  0.216810  0.450548 ) 
 (  0.500000 -0.000000  0.000000 -0.000000 -0.500000  0.000000 ) 
     freq (    5) =      35.988525 [THz] =    1200.447961 [cm-1]
 (  0.057563  0.404038  0.142199  0.382962  0.057563  0.404038 ) 
 ( -0.408118  0.000000 -0.399190 -0.086762 -0.408118  0.000000 ) 
     freq (    6) =      37.182999 [THz] =    1240.291330 [cm-1]
 ( -0.295109 -0.115113  0.438775  0.326797 -0.295109 -0.115113 ) 
 (  0.316765  0.000000 -0.527535  0.145003  0.316765  0.000000 ) 
 **************************************************************************
