Dynamical matrix file
default                                                                    
  1    2  2  6.7568759  0.0000000  0.0000000  0.0000000  0.0000000  0.0000000
           1  'C   '    10937.330905587271     
    1    1     -0.1250000000      0.1250000000      0.1250000000
    2    1     -0.8750000000      0.8750000000      0.8750000000

     Dynamical  Matrix in cartesian axes

     q = (    0.666666667  -0.333333333   0.666666667 ) 

    1    1
  0.88960017  0.00000000   -0.09619141  0.05347170    0.10145174  0.00000000
 -0.09619141 -0.05347170    1.00425759  0.00000000   -0.09619141 -0.05347170
  0.10145174  0.00000000   -0.09619141  0.05347170    0.88960017  0.00000000
    1    2
  0.28646196 -0.17276901    0.04779053 -0.04721292   -0.04539153  0.10725628
  0.04779053 -0.04721292    0.27979217 -0.19376579    0.04779053 -0.04721292
 -0.04539153  0.10725628    0.04779053 -0.04721292    0.28646196 -0.17276901
    2    1
  0.28646196  0.17276901    0.04779053  0.04721292   -0.04539153 -0.10725628
  0.04779053  0.04721292    0.27979217  0.19376579    0.04779053  0.04721292
 -0.04539153 -0.10725628    0.04779053  0.04721292    0.28646196  0.17276901
    2    2
  0.88960017  0.00000000   -0.09619141 -0.05347170    0.10145174  0.00000000
 -0.09619141  0.05347170    1.00425759  0.00000000   -0.09619141  0.05347170
  0.10145174  0.00000000   -0.09619141 -0.05347170    0.88960017  0.00000000

     Dynamical  Matrix in cartesian axes

     q = (   -0.666666667  -0.333333333  -0.666666667 ) 

    1    1
  0.88960017  0.00000000    0.09619141 -0.05347170    0.10145174  0.00000000
  0.09619141  0.05347170    1.00425759  0.00000000    0.09619141  0.05347170
  0.10145174  0.00000000    0.09619141 -0.05347170    0.88960017  0.00000000
    1    2
  0.28646196 -0.17276901   -0.04779053  0.04721292   -0.04539153  0.10725628
 -0.04779053  0.04721292    0.27979217 -0.19376579   -0.04779053  0.04721292
 -0.04539153  0.10725628   -0.04779053  0.04721292    0.28646196 -0.17276901
    2    1
  0.28646196  0.17276901   -0.04779053 -0.04721292   -0.04539153 -0.10725628
 -0.04779053 -0.04721292    0.27979217  0.19376579   -0.04779053 -0.04721292
 -0.04539153 -0.10725628   -0.04779053 -0.04721292    0.28646196  0.17276901
    2    2
  0.88960017  0.00000000    0.09619141  0.05347170    0.10145174  0.00000000
  0.09619141 -0.05347170    1.00425759  0.00000000    0.09619141 -0.05347170
  0.10145174  0.00000000    0.09619141  0.05347170    0.88960017  0.00000000

     Dynamical  Matrix in cartesian axes

     q = (    0.666666667  -0.333333333  -0.666666667 ) 

    1    1
  0.88960017  0.00000000   -0.09619141 -0.05347170   -0.10145174  0.00000000
 -0.09619141  0.05347170    1.00425759  0.00000000    0.09619141 -0.05347170
 -0.10145174  0.00000000    0.09619141  0.05347170    0.88960017  0.00000000
    1    2
 -0.28646196 -0.17276901   -0.04779053 -0.04721292   -0.04539153 -0.10725628
 -0.04779053 -0.04721292   -0.27979217 -0.19376579    0.04779053  0.04721292
 -0.04539153 -0.10725628    0.04779053  0.04721292   -0.28646196 -0.17276901
    2    1
 -0.28646196  0.17276901   -0.04779053  0.04721292   -0.04539153  0.10725628
 -0.04779053  0.04721292   -0.27979217  0.19376579    0.04779053 -0.04721292
 -0.04539153  0.10725628    0.04779053 -0.04721292   -0.28646196  0.17276901
    2    2
  0.88960017  0.00000000   -0.09619141  0.05347170   -0.10145174  0.00000000
 -0.09619141 -0.05347170    1.00425759  0.00000000    0.09619141  0.05347170
 -0.10145174  0.00000000    0.09619141 -0.05347170    0.88960017  0.00000000

     Dynamical  Matrix in cartesian axes

     q = (   -0.666666667  -0.333333333   0.666666667 ) 

    1    1
  0.88960017  0.00000000    0.09619141  0.05347170   -0.10145174  0.00000000
  0.09619141 -0.05347170    1.00425759  0.00000000   -0.09619141  0.05347170
 -0.10145174  0.00000000   -0.09619141 -0.05347170    0.88960017  0.00000000
    1    2
 -0.28646196 -0.17276901    0.04779053  0.04721292   -0.04539153 -0.10725628
  0.04779053  0.04721292   -0.27979217 -0.19376579   -0.04779053 -0.04721292
 -0.04539153 -0.10725628   -0.04779053 -0.04721292   -0.28646196 -0.17276901
    2    1
 -0.28646196  0.17276901    0.04779053 -0.04721292   -0.04539153  0.10725628
  0.04779053 -0.04721292   -0.27979217  0.19376579   -0.04779053  0.04721292
 -0.04539153  0.10725628   -0.04779053  0.04721292   -0.28646196  0.17276901
    2    2
  0.88960017  0.00000000    0.09619141 -0.05347170   -0.10145174  0.00000000
  0.09619141  0.05347170    1.00425759  0.00000000   -0.09619141 -0.05347170
 -0.10145174  0.00000000   -0.09619141  0.05347170    0.88960017  0.00000000

     Dynamical  Matrix in cartesian axes

     q = (   -0.333333333   0.666666667  -0.666666667 ) 

    1    1
  1.00425759  0.00000000   -0.09619141  0.05347170    0.09619141 -0.05347170
 -0.09619141 -0.05347170    0.88960017  0.00000000   -0.10145174  0.00000000
  0.09619141  0.05347170   -0.10145174  0.00000000    0.88960017  0.00000000
    1    2
  0.27979217  0.19376579    0.04779053  0.04721292   -0.04779053 -0.04721292
  0.04779053  0.04721292    0.28646196  0.17276901    0.04539153  0.10725628
 -0.04779053 -0.04721292    0.04539153  0.10725628    0.28646196  0.17276901
    2    1
  0.27979217 -0.19376579    0.04779053 -0.04721292   -0.04779053  0.04721292
  0.04779053 -0.04721292    0.28646196 -0.17276901    0.04539153 -0.10725628
 -0.04779053  0.04721292    0.04539153 -0.10725628    0.28646196 -0.17276901
    2    2
  1.00425759  0.00000000   -0.09619141 -0.05347170    0.09619141  0.05347170
 -0.09619141  0.05347170    0.88960017  0.00000000   -0.10145174  0.00000000
  0.09619141 -0.05347170   -0.10145174  0.00000000    0.88960017  0.00000000

     Dynamical  Matrix in cartesian axes

     q = (   -0.666666667   0.666666667  -0.333333333 ) 

    1    1
  0.88960017  0.00000000   -0.10145174  0.00000000    0.09619141  0.05347170
 -0.10145174  0.00000000    0.88960017  0.00000000   -0.09619141 -0.05347170
  0.09619141 -0.05347170   -0.09619141  0.05347170    1.00425759  0.00000000
    1    2
 -0.28646196 -0.17276901   -0.04539153 -0.10725628    0.04779053  0.04721292
 -0.04539153 -0.10725628   -0.28646196 -0.17276901   -0.04779053 -0.04721292
  0.04779053  0.04721292   -0.04779053 -0.04721292   -0.27979217 -0.19376579
    2    1
 -0.28646196  0.17276901   -0.04539153  0.10725628    0.04779053 -0.04721292
 -0.04539153  0.10725628   -0.28646196  0.17276901   -0.04779053  0.04721292
  0.04779053 -0.04721292   -0.04779053  0.04721292   -0.27979217  0.19376579
    2    2
  0.88960017  0.00000000   -0.10145174  0.00000000    0.09619141 -0.05347170
 -0.10145174  0.00000000    0.88960017  0.00000000   -0.09619141  0.05347170
  0.09619141  0.05347170   -0.09619141 -0.05347170    1.00425759  0.00000000

     Dynamical  Matrix in cartesian axes

     q = (    0.666666667   0.333333333   0.666666667 ) 

    1    1
  0.88960017  0.00000000    0.09619141  0.05347170    0.10145174  0.00000000
  0.09619141 -0.05347170    1.00425759  0.00000000    0.09619141 -0.05347170
  0.10145174  0.00000000    0.09619141  0.05347170    0.88960017  0.00000000
    1    2
  0.28646196  0.17276901   -0.04779053 -0.04721292   -0.04539153 -0.10725628
 -0.04779053 -0.04721292    0.27979217  0.19376579   -0.04779053 -0.04721292
 -0.04539153 -0.10725628   -0.04779053 -0.04721292    0.28646196  0.17276901
    2    1
  0.28646196 -0.17276901   -0.04779053  0.04721292   -0.04539153  0.10725628
 -0.04779053  0.04721292    0.27979217 -0.19376579   -0.04779053  0.04721292
 -0.04539153  0.10725628   -0.04779053  0.04721292    0.28646196 -0.17276901
    2    2
  0.88960017  0.00000000    0.09619141 -0.05347170    0.10145174  0.00000000
  0.09619141  0.05347170    1.00425759  0.00000000    0.09619141  0.05347170
  0.10145174  0.00000000    0.09619141 -0.05347170    0.88960017  0.00000000

     Dynamical  Matrix in cartesian axes

     q = (   -0.666666667   0.333333333   0.666666667 ) 

    1    1
  0.88960017  0.00000000   -0.09619141  0.05347170   -0.10145174  0.00000000
 -0.09619141 -0.05347170    1.00425759  0.00000000    0.09619141  0.05347170
 -0.10145174  0.00000000    0.09619141 -0.05347170    0.88960017  0.00000000
    1    2
 -0.28646196  0.17276901   -0.04779053  0.04721292   -0.04539153  0.10725628
 -0.04779053  0.04721292   -0.27979217  0.19376579    0.04779053 -0.04721292
 -0.04539153  0.10725628    0.04779053 -0.04721292   -0.28646196  0.17276901
    2    1
 -0.28646196 -0.17276901   -0.04779053 -0.04721292   -0.04539153 -0.10725628
 -0.04779053 -0.04721292   -0.27979217 -0.19376579    0.04779053  0.04721292
 -0.04539153 -0.10725628    0.04779053  0.04721292   -0.28646196 -0.17276901
    2    2
  0.88960017  0.00000000   -0.09619141 -0.05347170   -0.10145174  0.00000000
 -0.09619141  0.05347170    1.00425759  0.00000000    0.09619141 -0.05347170
 -0.10145174  0.00000000    0.09619141  0.05347170    0.88960017  0.00000000

     Dynamical  Matrix in cartesian axes

     q = (    0.666666667   0.333333333  -0.666666667 ) 

    1    1
  0.88960017  0.00000000    0.09619141 -0.05347170   -0.10145174  0.00000000
  0.09619141  0.05347170    1.00425759  0.00000000   -0.09619141 -0.05347170
 -0.10145174  0.00000000   -0.09619141  0.05347170    0.88960017  0.00000000
    1    2
 -0.28646196  0.17276901    0.04779053 -0.04721292   -0.04539153  0.10725628
  0.04779053 -0.04721292   -0.27979217  0.19376579   -0.04779053  0.04721292
 -0.04539153  0.10725628   -0.04779053  0.04721292   -0.28646196  0.17276901
    2    1
 -0.28646196 -0.17276901    0.04779053  0.04721292   -0.04539153 -0.10725628
  0.04779053  0.04721292   -0.27979217 -0.19376579   -0.04779053 -0.04721292
 -0.04539153 -0.10725628   -0.04779053 -0.04721292   -0.28646196 -0.17276901
    2    2
  0.88960017  0.00000000    0.09619141  0.05347170   -0.10145174  0.00000000
  0.09619141 -0.05347170    1.00425759  0.00000000   -0.09619141  0.05347170
 -0.10145174  0.00000000   -0.09619141 -0.05347170    0.88960017  0.00000000

     Dynamical  Matrix in cartesian axes

     q = (   -0.333333333   0.666666667   0.666666667 ) 

    1    1
  1.00425759  0.00000000   -0.09619141 -0.05347170   -0.09619141 -0.05347170
 -0.09619141  0.05347170    0.88960017  0.00000000    0.10145174  0.00000000
 -0.09619141  0.05347170    0.10145174  0.00000000    0.88960017  0.00000000
    1    2
 -0.27979217  0.19376579   -0.04779053  0.04721292   -0.04779053  0.04721292
 -0.04779053  0.04721292   -0.28646196  0.17276901    0.04539153 -0.10725628
 -0.04779053  0.04721292    0.04539153 -0.10725628   -0.28646196  0.17276901
    2    1
 -0.27979217 -0.19376579   -0.04779053 -0.04721292   -0.04779053 -0.04721292
 -0.04779053 -0.04721292   -0.28646196 -0.17276901    0.04539153  0.10725628
 -0.04779053 -0.04721292    0.04539153  0.10725628   -0.28646196 -0.17276901
    2    2
  1.00425759  0.00000000   -0.09619141  0.05347170   -0.09619141  0.05347170
 -0.09619141 -0.05347170    0.88960017  0.00000000    0.10145174  0.00000000
 -0.09619141 -0.05347170    0.10145174  0.00000000    0.88960017  0.00000000

     Dynamical  Matrix in cartesian axes

     q = (    0.333333333   0.666666667  -0.666666667 ) 

    1    1
  1.00425759  0.00000000    0.09619141  0.05347170   -0.09619141 -0.05347170
  0.09619141 -0.05347170    0.88960017  0.00000000   -0.10145174  0.00000000
 -0.09619141  0.05347170   -0.10145174  0.00000000    0.88960017  0.00000000
    1    2
  0.27979217 -0.19376579   -0.04779053  0.04721292    0.04779053 -0.04721292
 -0.04779053  0.04721292    0.28646196 -0.17276901    0.04539153 -0.10725628
  0.04779053 -0.04721292    0.04539153 -0.10725628    0.28646196 -0.17276901
    2    1
  0.27979217  0.19376579   -0.04779053 -0.04721292    0.04779053  0.04721292
 -0.04779053 -0.04721292    0.28646196  0.17276901    0.04539153  0.10725628
  0.04779053  0.04721292    0.04539153  0.10725628    0.28646196  0.17276901
    2    2
  1.00425759  0.00000000    0.09619141 -0.05347170   -0.09619141  0.05347170
  0.09619141  0.05347170    0.88960017  0.00000000   -0.10145174  0.00000000
 -0.09619141 -0.05347170   -0.10145174  0.00000000    0.88960017  0.00000000

     Dynamical  Matrix in cartesian axes

     q = (   -0.333333333  -0.666666667  -0.666666667 ) 

    1    1
  1.00425759  0.00000000    0.09619141  0.05347170    0.09619141  0.05347170
  0.09619141 -0.05347170    0.88960017  0.00000000    0.10145174  0.00000000
  0.09619141 -0.05347170    0.10145174  0.00000000    0.88960017  0.00000000
    1    2
 -0.27979217  0.19376579    0.04779053 -0.04721292    0.04779053 -0.04721292
  0.04779053 -0.04721292   -0.28646196  0.17276901    0.04539153 -0.10725628
  0.04779053 -0.04721292    0.04539153 -0.10725628   -0.28646196  0.17276901
    2    1
 -0.27979217 -0.19376579    0.04779053  0.04721292    0.04779053  0.04721292
  0.04779053  0.04721292   -0.28646196 -0.17276901    0.04539153  0.10725628
  0.04779053  0.04721292    0.04539153  0.10725628   -0.28646196 -0.17276901
    2    2
  1.00425759  0.00000000    0.09619141 -0.05347170    0.09619141 -0.05347170
  0.09619141  0.05347170    0.88960017  0.00000000    0.10145174  0.00000000
  0.09619141  0.05347170    0.10145174  0.00000000    0.88960017  0.00000000

     Dynamical  Matrix in cartesian axes

     q = (    0.666666667  -0.666666667   0.333333333 ) 

    1    1
  0.88960017  0.00000000   -0.10145174  0.00000000    0.09619141 -0.05347170
 -0.10145174  0.00000000    0.88960017  0.00000000   -0.09619141  0.05347170
  0.09619141  0.05347170   -0.09619141 -0.05347170    1.00425759  0.00000000
    1    2
 -0.28646196  0.17276901   -0.04539153  0.10725628    0.04779053 -0.04721292
 -0.04539153  0.10725628   -0.28646196  0.17276901   -0.04779053  0.04721292
  0.04779053 -0.04721292   -0.04779053  0.04721292   -0.27979217  0.19376579
    2    1
 -0.28646196 -0.17276901   -0.04539153 -0.10725628    0.04779053  0.04721292
 -0.04539153 -0.10725628   -0.28646196 -0.17276901   -0.04779053 -0.04721292
  0.04779053  0.04721292   -0.04779053 -0.04721292   -0.27979217 -0.19376579
    2    2
  0.88960017  0.00000000   -0.10145174  0.00000000    0.09619141  0.05347170
 -0.10145174  0.00000000    0.88960017  0.00000000   -0.09619141 -0.05347170
  0.09619141 -0.05347170   -0.09619141  0.05347170    1.00425759  0.00000000

     Dynamical  Matrix in cartesian axes

     q = (    0.666666667   0.666666667  -0.333333333 ) 

    1    1
  0.88960017  0.00000000    0.10145174  0.00000000   -0.09619141  0.05347170
  0.10145174  0.00000000    0.88960017  0.00000000   -0.09619141  0.05347170
 -0.09619141 -0.05347170   -0.09619141 -0.05347170    1.00425759  0.00000000
    1    2
  0.28646196 -0.17276901   -0.04539153  0.10725628    0.04779053 -0.04721292
 -0.04539153  0.10725628    0.28646196 -0.17276901    0.04779053 -0.04721292
  0.04779053 -0.04721292    0.04779053 -0.04721292    0.27979217 -0.19376579
    2    1
  0.28646196  0.17276901   -0.04539153 -0.10725628    0.04779053  0.04721292
 -0.04539153 -0.10725628    0.28646196  0.17276901    0.04779053  0.04721292
  0.04779053  0.04721292    0.04779053  0.04721292    0.27979217  0.19376579
    2    2
  0.88960017  0.00000000    0.10145174  0.00000000   -0.09619141 -0.05347170
  0.10145174  0.00000000    0.88960017  0.00000000   -0.09619141 -0.05347170
 -0.09619141  0.05347170   -0.09619141  0.05347170    1.00425759  0.00000000

     Dynamical  Matrix in cartesian axes

     q = (   -0.666666667  -0.666666667  -0.333333333 ) 

    1    1
  0.88960017  0.00000000    0.10145174  0.00000000    0.09619141 -0.05347170
  0.10145174  0.00000000    0.88960017  0.00000000    0.09619141 -0.05347170
  0.09619141  0.05347170    0.09619141  0.05347170    1.00425759  0.00000000
    1    2
  0.28646196 -0.17276901   -0.04539153  0.10725628   -0.04779053  0.04721292
 -0.04539153  0.10725628    0.28646196 -0.17276901   -0.04779053  0.04721292
 -0.04779053  0.04721292   -0.04779053  0.04721292    0.27979217 -0.19376579
    2    1
  0.28646196  0.17276901   -0.04539153 -0.10725628   -0.04779053 -0.04721292
 -0.04539153 -0.10725628    0.28646196  0.17276901   -0.04779053 -0.04721292
 -0.04779053 -0.04721292   -0.04779053 -0.04721292    0.27979217  0.19376579
    2    2
  0.88960017  0.00000000    0.10145174  0.00000000    0.09619141  0.05347170
  0.10145174  0.00000000    0.88960017  0.00000000    0.09619141  0.05347170
  0.09619141 -0.05347170    0.09619141 -0.05347170    1.00425759  0.00000000

     Dynamical  Matrix in cartesian axes

     q = (   -0.666666667   0.666666667   0.333333333 ) 

    1    1
  0.88960017  0.00000000   -0.10145174  0.00000000   -0.09619141  0.05347170
 -0.10145174  0.00000000    0.88960017  0.00000000    0.09619141 -0.05347170
 -0.09619141 -0.05347170    0.09619141  0.05347170    1.00425759  0.00000000
    1    2
 -0.28646196  0.17276901   -0.04539153  0.10725628   -0.04779053  0.04721292
 -0.04539153  0.10725628   -0.28646196  0.17276901    0.04779053 -0.04721292
 -0.04779053  0.04721292    0.04779053 -0.04721292   -0.27979217  0.19376579
    2    1
 -0.28646196 -0.17276901   -0.04539153 -0.10725628   -0.04779053 -0.04721292
 -0.04539153 -0.10725628   -0.28646196 -0.17276901    0.04779053  0.04721292
 -0.04779053 -0.04721292    0.04779053  0.04721292   -0.27979217 -0.19376579
    2    2
  0.88960017  0.00000000   -0.10145174  0.00000000   -0.09619141 -0.05347170
 -0.10145174  0.00000000    0.88960017  0.00000000    0.09619141  0.05347170
 -0.09619141  0.05347170    0.09619141 -0.05347170    1.00425759  0.00000000

     Dynamical  Matrix in cartesian axes

     q = (    0.333333333  -0.666666667   0.666666667 ) 

    1    1
  1.00425759  0.00000000   -0.09619141 -0.05347170    0.09619141  0.05347170
 -0.09619141  0.05347170    0.88960017  0.00000000   -0.10145174  0.00000000
  0.09619141 -0.05347170   -0.10145174  0.00000000    0.88960017  0.00000000
    1    2
  0.27979217 -0.19376579    0.04779053 -0.04721292   -0.04779053  0.04721292
  0.04779053 -0.04721292    0.28646196 -0.17276901    0.04539153 -0.10725628
 -0.04779053  0.04721292    0.04539153 -0.10725628    0.28646196 -0.17276901
    2    1
  0.27979217  0.19376579    0.04779053  0.04721292   -0.04779053 -0.04721292
  0.04779053  0.04721292    0.28646196  0.17276901    0.04539153  0.10725628
 -0.04779053 -0.04721292    0.04539153  0.10725628    0.28646196  0.17276901
    2    2
  1.00425759  0.00000000   -0.09619141  0.05347170    0.09619141 -0.05347170
 -0.09619141 -0.05347170    0.88960017  0.00000000   -0.10145174  0.00000000
  0.09619141  0.05347170   -0.10145174  0.00000000    0.88960017  0.00000000

     Dynamical  Matrix in cartesian axes

     q = (    0.333333333   0.666666667   0.666666667 ) 

    1    1
  1.00425759  0.00000000    0.09619141 -0.05347170    0.09619141 -0.05347170
  0.09619141  0.05347170    0.88960017  0.00000000    0.10145174  0.00000000
  0.09619141  0.05347170    0.10145174  0.00000000    0.88960017  0.00000000
    1    2
 -0.27979217 -0.19376579    0.04779053  0.04721292    0.04779053  0.04721292
  0.04779053  0.04721292   -0.28646196 -0.17276901    0.04539153  0.10725628
  0.04779053  0.04721292    0.04539153  0.10725628   -0.28646196 -0.17276901
    2    1
 -0.27979217  0.19376579    0.04779053 -0.04721292    0.04779053 -0.04721292
  0.04779053 -0.04721292   -0.28646196  0.17276901    0.04539153 -0.10725628
  0.04779053 -0.04721292    0.04539153 -0.10725628   -0.28646196  0.17276901
    2    2
  1.00425759  0.00000000    0.09619141  0.05347170    0.09619141  0.05347170
  0.09619141 -0.05347170    0.88960017  0.00000000    0.10145174  0.00000000
  0.09619141 -0.05347170    0.10145174  0.00000000    0.88960017  0.00000000

     Dynamical  Matrix in cartesian axes

     q = (   -0.666666667   0.333333333  -0.666666667 ) 

    1    1
  0.88960017  0.00000000   -0.09619141 -0.05347170    0.10145174  0.00000000
 -0.09619141  0.05347170    1.00425759  0.00000000   -0.09619141  0.05347170
  0.10145174  0.00000000   -0.09619141 -0.05347170    0.88960017  0.00000000
    1    2
  0.28646196  0.17276901    0.04779053  0.04721292   -0.04539153 -0.10725628
  0.04779053  0.04721292    0.27979217  0.19376579    0.04779053  0.04721292
 -0.04539153 -0.10725628    0.04779053  0.04721292    0.28646196  0.17276901
    2    1
  0.28646196 -0.17276901    0.04779053 -0.04721292   -0.04539153  0.10725628
  0.04779053 -0.04721292    0.27979217 -0.19376579    0.04779053 -0.04721292
 -0.04539153  0.10725628    0.04779053 -0.04721292    0.28646196 -0.17276901
    2    2
  0.88960017  0.00000000   -0.09619141  0.05347170    0.10145174  0.00000000
 -0.09619141 -0.05347170    1.00425759  0.00000000   -0.09619141 -0.05347170
  0.10145174  0.00000000   -0.09619141  0.05347170    0.88960017  0.00000000

     Dynamical  Matrix in cartesian axes

     q = (   -0.333333333  -0.666666667   0.666666667 ) 

    1    1
  1.00425759  0.00000000    0.09619141 -0.05347170   -0.09619141  0.05347170
  0.09619141  0.05347170    0.88960017  0.00000000   -0.10145174  0.00000000
 -0.09619141 -0.05347170   -0.10145174  0.00000000    0.88960017  0.00000000
    1    2
  0.27979217  0.19376579   -0.04779053 -0.04721292    0.04779053  0.04721292
 -0.04779053 -0.04721292    0.28646196  0.17276901    0.04539153  0.10725628
  0.04779053  0.04721292    0.04539153  0.10725628    0.28646196  0.17276901
    2    1
  0.27979217 -0.19376579   -0.04779053  0.04721292    0.04779053 -0.04721292
 -0.04779053  0.04721292    0.28646196 -0.17276901    0.04539153 -0.10725628
  0.04779053 -0.04721292    0.04539153 -0.10725628    0.28646196 -0.17276901
    2    2
  1.00425759  0.00000000    0.09619141  0.05347170   -0.09619141 -0.05347170
  0.09619141 -0.05347170    0.88960017  0.00000000   -0.10145174  0.00000000
 -0.09619141  0.05347170   -0.10145174  0.00000000    0.88960017  0.00000000

     Dynamical  Matrix in cartesian axes

     q = (   -0.666666667  -0.666666667   0.333333333 ) 

    1    1
  0.88960017  0.00000000    0.10145174  0.00000000   -0.09619141 -0.05347170
  0.10145174  0.00000000    0.88960017  0.00000000   -0.09619141 -0.05347170
 -0.09619141  0.05347170   -0.09619141  0.05347170    1.00425759  0.00000000
    1    2
  0.28646196  0.17276901   -0.04539153 -0.10725628    0.04779053  0.04721292
 -0.04539153 -0.10725628    0.28646196  0.17276901    0.04779053  0.04721292
  0.04779053  0.04721292    0.04779053  0.04721292    0.27979217  0.19376579
    2    1
  0.28646196 -0.17276901   -0.04539153  0.10725628    0.04779053 -0.04721292
 -0.04539153  0.10725628    0.28646196 -0.17276901    0.04779053 -0.04721292
  0.04779053 -0.04721292    0.04779053 -0.04721292    0.27979217 -0.19376579
    2    2
  0.88960017  0.00000000    0.10145174  0.00000000   -0.09619141  0.05347170
  0.10145174  0.00000000    0.88960017  0.00000000   -0.09619141  0.05347170
 -0.09619141 -0.05347170   -0.09619141 -0.05347170    1.00425759  0.00000000

     Dynamical  Matrix in cartesian axes

     q = (    0.666666667   0.666666667   0.333333333 ) 

    1    1
  0.88960017  0.00000000    0.10145174  0.00000000    0.09619141  0.05347170
  0.10145174  0.00000000    0.88960017  0.00000000    0.09619141  0.05347170
  0.09619141 -0.05347170    0.09619141 -0.05347170    1.00425759  0.00000000
    1    2
  0.28646196  0.17276901   -0.04539153 -0.10725628   -0.04779053 -0.04721292
 -0.04539153 -0.10725628    0.28646196  0.17276901   -0.04779053 -0.04721292
 -0.04779053 -0.04721292   -0.04779053 -0.04721292    0.27979217  0.19376579
    2    1
  0.28646196 -0.17276901   -0.04539153  0.10725628   -0.04779053  0.04721292
 -0.04539153  0.10725628    0.28646196 -0.17276901   -0.04779053  0.04721292
 -0.04779053  0.04721292   -0.04779053  0.04721292    0.27979217 -0.19376579
    2    2
  0.88960017  0.00000000    0.10145174  0.00000000    0.09619141 -0.05347170
  0.10145174  0.00000000    0.88960017  0.00000000    0.09619141 -0.05347170
  0.09619141  0.05347170    0.09619141  0.05347170    1.00425759  0.00000000

     Dynamical  Matrix in cartesian axes

     q = (    0.333333333  -0.666666667  -0.666666667 ) 

    1    1
  1.00425759  0.00000000   -0.09619141  0.05347170   -0.09619141  0.05347170
 -0.09619141 -0.05347170    0.88960017  0.00000000    0.10145174  0.00000000
 -0.09619141 -0.05347170    0.10145174  0.00000000    0.88960017  0.00000000
    1    2
 -0.27979217 -0.19376579   -0.04779053 -0.04721292   -0.04779053 -0.04721292
 -0.04779053 -0.04721292   -0.28646196 -0.17276901    0.04539153  0.10725628
 -0.04779053 -0.04721292    0.04539153  0.10725628   -0.28646196 -0.17276901
    2    1
 -0.27979217  0.19376579   -0.04779053  0.04721292   -0.04779053  0.04721292
 -0.04779053  0.04721292   -0.28646196  0.17276901    0.04539153 -0.10725628
 -0.04779053  0.04721292    0.04539153 -0.10725628   -0.28646196  0.17276901
    2    2
  1.00425759  0.00000000   -0.09619141 -0.05347170   -0.09619141 -0.05347170
 -0.09619141  0.05347170    0.88960017  0.00000000    0.10145174  0.00000000
 -0.09619141  0.05347170    0.10145174  0.00000000    0.88960017  0.00000000

     Dynamical  Matrix in cartesian axes

     q = (    0.666666667  -0.666666667  -0.333333333 ) 

    1    1
  0.88960017  0.00000000   -0.10145174  0.00000000   -0.09619141 -0.05347170
 -0.10145174  0.00000000    0.88960017  0.00000000    0.09619141  0.05347170
 -0.09619141  0.05347170    0.09619141 -0.05347170    1.00425759  0.00000000
    1    2
 -0.28646196 -0.17276901   -0.04539153 -0.10725628   -0.04779053 -0.04721292
 -0.04539153 -0.10725628   -0.28646196 -0.17276901    0.04779053  0.04721292
 -0.04779053 -0.04721292    0.04779053  0.04721292   -0.27979217 -0.19376579
    2    1
 -0.28646196  0.17276901   -0.04539153  0.10725628   -0.04779053  0.04721292
 -0.04539153  0.10725628   -0.28646196  0.17276901    0.04779053 -0.04721292
 -0.04779053  0.04721292    0.04779053 -0.04721292   -0.27979217  0.19376579
    2    2
  0.88960017  0.00000000   -0.10145174  0.00000000   -0.09619141  0.05347170
 -0.10145174  0.00000000    0.88960017  0.00000000    0.09619141 -0.05347170
 -0.09619141 -0.05347170    0.09619141  0.05347170    1.00425759  0.00000000

     Diagonalizing the dynamical matrix

     q = (    0.666666667  -0.333333333   0.666666667 ) 

 **************************************************************************
     freq (    1) =      18.714637 [THz] =     624.253086 [cm-1]
 (  0.382132 -0.322452  0.000000 -0.000000 -0.382132  0.322452 ) 
 ( -0.500000 -0.000000 -0.000000 -0.000000  0.500000  0.000000 ) 
     freq (    2) =      21.648930 [THz] =     722.130575 [cm-1]
 ( -0.246740  0.197822 -0.456124  0.303187 -0.246740  0.197822 ) 
 (  0.316250  0.000000  0.545521 -0.048768  0.316250  0.000000 ) 
     freq (    3) =      29.686553 [THz] =     990.236835 [cm-1]
 (  0.381603  0.122523 -0.395459  0.149488  0.381603  0.122523 ) 
 ( -0.400790 -0.000000  0.330828  0.263225 -0.400790  0.000000 ) 
     freq (    4) =      34.779167 [THz] =    1160.108132 [cm-1]
 ( -0.382132  0.322452  0.000000 -0.000000  0.382132 -0.322452 ) 
 ( -0.500000 -0.000000  0.000000  0.000000  0.500000  0.000000 ) 
     freq (    5) =      35.395679 [THz] =    1180.672774 [cm-1]
 (  0.466324  0.007964  0.128907 -0.219863  0.466324  0.007964 ) 
 (  0.466392  0.000000  0.125134  0.222033  0.466392  0.000000 ) 
     freq (    6) =      36.689292 [THz] =    1223.823054 [cm-1]
 ( -0.091262  0.116202  0.503318 -0.450564 -0.091262  0.116202 ) 
 ( -0.147755 -0.000000  0.665223 -0.117539 -0.147755  0.000000 ) 
 **************************************************************************
