Dynamical matrix file
default                                                                    
  1    2  2  6.7568759  0.0000000  0.0000000  0.0000000  0.0000000  0.0000000
           1  'C   '    10937.330905587271     
    1    1     -0.1250000000      0.1250000000      0.1250000000
    2    1     -0.8750000000      0.8750000000      0.8750000000

     Dynamical  Matrix in cartesian axes

     q = (    0.833333333  -0.166666667   0.833333333 ) 

    1    1
  0.82292829  0.00000000   -0.02482664  0.05539679    0.03246336  0.00000000
 -0.02482664 -0.05539679    1.19559155  0.00000000   -0.02482664 -0.05539679
  0.03246336  0.00000000   -0.02482664  0.05539679    0.82292829  0.00000000
    1    2
  0.07606311 -0.16637545    0.00591856 -0.02790563    0.11313082  0.13270998
  0.00591856 -0.02790563    0.07895381 -0.18433189    0.00591856 -0.02790563
  0.11313082  0.13270998    0.00591856 -0.02790563    0.07606311 -0.16637545
    2    1
  0.07606311  0.16637545    0.00591856  0.02790563    0.11313082 -0.13270998
  0.00591856  0.02790563    0.07895381  0.18433189    0.00591856  0.02790563
  0.11313082 -0.13270998    0.00591856  0.02790563    0.07606311  0.16637545
    2    2
  0.82292829  0.00000000   -0.02482664 -0.05539679    0.03246336  0.00000000
 -0.02482664  0.05539679    1.19559155  0.00000000   -0.02482664  0.05539679
  0.03246336  0.00000000   -0.02482664 -0.05539679    0.82292829  0.00000000

     Dynamical  Matrix in cartesian axes

     q = (   -0.833333333  -0.166666667   0.833333333 ) 

    1    1
  0.82292829  0.00000000    0.02482664  0.05539679   -0.03246336  0.00000000
  0.02482664 -0.05539679    1.19559155  0.00000000   -0.02482664  0.05539679
 -0.03246336  0.00000000   -0.02482664 -0.05539679    0.82292829  0.00000000
    1    2
  0.07606311  0.16637545   -0.00591856 -0.02790563   -0.11313082  0.13270998
 -0.00591856 -0.02790563    0.07895381  0.18433189    0.00591856  0.02790563
 -0.11313082  0.13270998    0.00591856  0.02790563    0.07606311  0.16637545
    2    1
  0.07606311 -0.16637545   -0.00591856  0.02790563   -0.11313082 -0.13270998
 -0.00591856  0.02790563    0.07895381 -0.18433189    0.00591856 -0.02790563
 -0.11313082 -0.13270998    0.00591856 -0.02790563    0.07606311 -0.16637545
    2    2
  0.82292829  0.00000000    0.02482664 -0.05539679   -0.03246336  0.00000000
  0.02482664  0.05539679    1.19559155  0.00000000   -0.02482664 -0.05539679
 -0.03246336  0.00000000   -0.02482664  0.05539679    0.82292829  0.00000000

     Dynamical  Matrix in cartesian axes

     q = (    0.833333333  -0.166666667  -0.833333333 ) 

    1    1
  0.82292829  0.00000000   -0.02482664 -0.05539679   -0.03246336  0.00000000
 -0.02482664  0.05539679    1.19559155  0.00000000    0.02482664 -0.05539679
 -0.03246336  0.00000000    0.02482664  0.05539679    0.82292829  0.00000000
    1    2
 -0.07606311 -0.16637545   -0.00591856 -0.02790563    0.11313082 -0.13270998
 -0.00591856 -0.02790563   -0.07895381 -0.18433189    0.00591856  0.02790563
  0.11313082 -0.13270998    0.00591856  0.02790563   -0.07606311 -0.16637545
    2    1
 -0.07606311  0.16637545   -0.00591856  0.02790563    0.11313082  0.13270998
 -0.00591856  0.02790563   -0.07895381  0.18433189    0.00591856 -0.02790563
  0.11313082  0.13270998    0.00591856 -0.02790563   -0.07606311  0.16637545
    2    2
  0.82292829  0.00000000   -0.02482664  0.05539679   -0.03246336  0.00000000
 -0.02482664 -0.05539679    1.19559155  0.00000000    0.02482664  0.05539679
 -0.03246336  0.00000000    0.02482664 -0.05539679    0.82292829  0.00000000

     Dynamical  Matrix in cartesian axes

     q = (   -0.833333333  -0.166666667  -0.833333333 ) 

    1    1
  0.82292829  0.00000000    0.02482664 -0.05539679    0.03246336  0.00000000
  0.02482664  0.05539679    1.19559155  0.00000000    0.02482664  0.05539679
  0.03246336  0.00000000    0.02482664 -0.05539679    0.82292829  0.00000000
    1    2
  0.07606311 -0.16637545   -0.00591856  0.02790563    0.11313082  0.13270998
 -0.00591856  0.02790563    0.07895381 -0.18433189   -0.00591856  0.02790563
  0.11313082  0.13270998   -0.00591856  0.02790563    0.07606311 -0.16637545
    2    1
  0.07606311  0.16637545   -0.00591856 -0.02790563    0.11313082 -0.13270998
 -0.00591856 -0.02790563    0.07895381  0.18433189   -0.00591856 -0.02790563
  0.11313082 -0.13270998   -0.00591856 -0.02790563    0.07606311  0.16637545
    2    2
  0.82292829  0.00000000    0.02482664  0.05539679    0.03246336  0.00000000
  0.02482664 -0.05539679    1.19559155  0.00000000    0.02482664 -0.05539679
  0.03246336  0.00000000    0.02482664  0.05539679    0.82292829  0.00000000

     Dynamical  Matrix in cartesian axes

     q = (   -0.166666667   0.833333333  -0.833333333 ) 

    1    1
  1.19559155  0.00000000   -0.02482664  0.05539679    0.02482664 -0.05539679
 -0.02482664 -0.05539679    0.82292829  0.00000000   -0.03246336  0.00000000
  0.02482664  0.05539679   -0.03246336  0.00000000    0.82292829  0.00000000
    1    2
  0.07895381  0.18433189    0.00591856  0.02790563   -0.00591856 -0.02790563
  0.00591856  0.02790563    0.07606311  0.16637545   -0.11313082  0.13270998
 -0.00591856 -0.02790563   -0.11313082  0.13270998    0.07606311  0.16637545
    2    1
  0.07895381 -0.18433189    0.00591856 -0.02790563   -0.00591856  0.02790563
  0.00591856 -0.02790563    0.07606311 -0.16637545   -0.11313082 -0.13270998
 -0.00591856  0.02790563   -0.11313082 -0.13270998    0.07606311 -0.16637545
    2    2
  1.19559155  0.00000000   -0.02482664 -0.05539679    0.02482664  0.05539679
 -0.02482664  0.05539679    0.82292829  0.00000000   -0.03246336  0.00000000
  0.02482664 -0.05539679   -0.03246336  0.00000000    0.82292829  0.00000000

     Dynamical  Matrix in cartesian axes

     q = (   -0.833333333   0.833333333  -0.166666667 ) 

    1    1
  0.82292829  0.00000000   -0.03246336  0.00000000    0.02482664  0.05539679
 -0.03246336  0.00000000    0.82292829  0.00000000   -0.02482664 -0.05539679
  0.02482664 -0.05539679   -0.02482664  0.05539679    1.19559155  0.00000000
    1    2
  0.07606311  0.16637545   -0.11313082  0.13270998   -0.00591856 -0.02790563
 -0.11313082  0.13270998    0.07606311  0.16637545    0.00591856  0.02790563
 -0.00591856 -0.02790563    0.00591856  0.02790563    0.07895381  0.18433189
    2    1
  0.07606311 -0.16637545   -0.11313082 -0.13270998   -0.00591856  0.02790563
 -0.11313082 -0.13270998    0.07606311 -0.16637545    0.00591856 -0.02790563
 -0.00591856  0.02790563    0.00591856 -0.02790563    0.07895381 -0.18433189
    2    2
  0.82292829  0.00000000   -0.03246336  0.00000000    0.02482664 -0.05539679
 -0.03246336  0.00000000    0.82292829  0.00000000   -0.02482664  0.05539679
  0.02482664  0.05539679   -0.02482664 -0.05539679    1.19559155  0.00000000

     Dynamical  Matrix in cartesian axes

     q = (    0.833333333   0.166666667   0.833333333 ) 

    1    1
  0.82292829  0.00000000    0.02482664  0.05539679    0.03246336  0.00000000
  0.02482664 -0.05539679    1.19559155  0.00000000    0.02482664 -0.05539679
  0.03246336  0.00000000    0.02482664  0.05539679    0.82292829  0.00000000
    1    2
  0.07606311  0.16637545   -0.00591856 -0.02790563    0.11313082 -0.13270998
 -0.00591856 -0.02790563    0.07895381  0.18433189   -0.00591856 -0.02790563
  0.11313082 -0.13270998   -0.00591856 -0.02790563    0.07606311  0.16637545
    2    1
  0.07606311 -0.16637545   -0.00591856  0.02790563    0.11313082  0.13270998
 -0.00591856  0.02790563    0.07895381 -0.18433189   -0.00591856  0.02790563
  0.11313082  0.13270998   -0.00591856  0.02790563    0.07606311 -0.16637545
    2    2
  0.82292829  0.00000000    0.02482664 -0.05539679    0.03246336  0.00000000
  0.02482664  0.05539679    1.19559155  0.00000000    0.02482664  0.05539679
  0.03246336  0.00000000    0.02482664 -0.05539679    0.82292829  0.00000000

     Dynamical  Matrix in cartesian axes

     q = (   -0.833333333   0.166666667   0.833333333 ) 

    1    1
  0.82292829  0.00000000   -0.02482664  0.05539679   -0.03246336  0.00000000
 -0.02482664 -0.05539679    1.19559155  0.00000000    0.02482664  0.05539679
 -0.03246336  0.00000000    0.02482664 -0.05539679    0.82292829  0.00000000
    1    2
 -0.07606311  0.16637545   -0.00591856  0.02790563    0.11313082  0.13270998
 -0.00591856  0.02790563   -0.07895381  0.18433189    0.00591856 -0.02790563
  0.11313082  0.13270998    0.00591856 -0.02790563   -0.07606311  0.16637545
    2    1
 -0.07606311 -0.16637545   -0.00591856 -0.02790563    0.11313082 -0.13270998
 -0.00591856 -0.02790563   -0.07895381 -0.18433189    0.00591856  0.02790563
  0.11313082 -0.13270998    0.00591856  0.02790563   -0.07606311 -0.16637545
    2    2
  0.82292829  0.00000000   -0.02482664 -0.05539679   -0.03246336  0.00000000
 -0.02482664  0.05539679    1.19559155  0.00000000    0.02482664 -0.05539679
 -0.03246336  0.00000000    0.02482664  0.05539679    0.82292829  0.00000000

     Dynamical  Matrix in cartesian axes

     q = (    0.833333333   0.166666667  -0.833333333 ) 

    1    1
  0.82292829  0.00000000    0.02482664 -0.05539679   -0.03246336  0.00000000
  0.02482664  0.05539679    1.19559155  0.00000000   -0.02482664 -0.05539679
 -0.03246336  0.00000000   -0.02482664  0.05539679    0.82292829  0.00000000
    1    2
  0.07606311 -0.16637545   -0.00591856  0.02790563   -0.11313082 -0.13270998
 -0.00591856  0.02790563    0.07895381 -0.18433189    0.00591856 -0.02790563
 -0.11313082 -0.13270998    0.00591856 -0.02790563    0.07606311 -0.16637545
    2    1
  0.07606311  0.16637545   -0.00591856 -0.02790563   -0.11313082  0.13270998
 -0.00591856 -0.02790563    0.07895381  0.18433189    0.00591856  0.02790563
 -0.11313082  0.13270998    0.00591856  0.02790563    0.07606311  0.16637545
    2    2
  0.82292829  0.00000000    0.02482664  0.05539679   -0.03246336  0.00000000
  0.02482664 -0.05539679    1.19559155  0.00000000   -0.02482664  0.05539679
 -0.03246336  0.00000000   -0.02482664 -0.05539679    0.82292829  0.00000000

     Dynamical  Matrix in cartesian axes

     q = (   -0.166666667   0.833333333   0.833333333 ) 

    1    1
  1.19559155  0.00000000   -0.02482664 -0.05539679   -0.02482664 -0.05539679
 -0.02482664  0.05539679    0.82292829  0.00000000    0.03246336  0.00000000
 -0.02482664  0.05539679    0.03246336  0.00000000    0.82292829  0.00000000
    1    2
 -0.07895381  0.18433189   -0.00591856  0.02790563   -0.00591856  0.02790563
 -0.00591856  0.02790563   -0.07606311  0.16637545   -0.11313082 -0.13270998
 -0.00591856  0.02790563   -0.11313082 -0.13270998   -0.07606311  0.16637545
    2    1
 -0.07895381 -0.18433189   -0.00591856 -0.02790563   -0.00591856 -0.02790563
 -0.00591856 -0.02790563   -0.07606311 -0.16637545   -0.11313082  0.13270998
 -0.00591856 -0.02790563   -0.11313082  0.13270998   -0.07606311 -0.16637545
    2    2
  1.19559155  0.00000000   -0.02482664  0.05539679   -0.02482664  0.05539679
 -0.02482664 -0.05539679    0.82292829  0.00000000    0.03246336  0.00000000
 -0.02482664 -0.05539679    0.03246336  0.00000000    0.82292829  0.00000000

     Dynamical  Matrix in cartesian axes

     q = (    0.166666667   0.833333333  -0.833333333 ) 

    1    1
  1.19559155  0.00000000    0.02482664  0.05539679   -0.02482664 -0.05539679
  0.02482664 -0.05539679    0.82292829  0.00000000   -0.03246336  0.00000000
 -0.02482664  0.05539679   -0.03246336  0.00000000    0.82292829  0.00000000
    1    2
  0.07895381 -0.18433189   -0.00591856  0.02790563    0.00591856 -0.02790563
 -0.00591856  0.02790563    0.07606311 -0.16637545   -0.11313082 -0.13270998
  0.00591856 -0.02790563   -0.11313082 -0.13270998    0.07606311 -0.16637545
    2    1
  0.07895381  0.18433189   -0.00591856 -0.02790563    0.00591856  0.02790563
 -0.00591856 -0.02790563    0.07606311  0.16637545   -0.11313082  0.13270998
  0.00591856  0.02790563   -0.11313082  0.13270998    0.07606311  0.16637545
    2    2
  1.19559155  0.00000000    0.02482664 -0.05539679   -0.02482664  0.05539679
  0.02482664  0.05539679    0.82292829  0.00000000   -0.03246336  0.00000000
 -0.02482664 -0.05539679   -0.03246336  0.00000000    0.82292829  0.00000000

     Dynamical  Matrix in cartesian axes

     q = (   -0.166666667  -0.833333333  -0.833333333 ) 

    1    1
  1.19559155  0.00000000    0.02482664  0.05539679    0.02482664  0.05539679
  0.02482664 -0.05539679    0.82292829  0.00000000    0.03246336  0.00000000
  0.02482664 -0.05539679    0.03246336  0.00000000    0.82292829  0.00000000
    1    2
  0.07895381 -0.18433189   -0.00591856  0.02790563   -0.00591856  0.02790563
 -0.00591856  0.02790563    0.07606311 -0.16637545    0.11313082  0.13270998
 -0.00591856  0.02790563    0.11313082  0.13270998    0.07606311 -0.16637545
    2    1
  0.07895381  0.18433189   -0.00591856 -0.02790563   -0.00591856 -0.02790563
 -0.00591856 -0.02790563    0.07606311  0.16637545    0.11313082 -0.13270998
 -0.00591856 -0.02790563    0.11313082 -0.13270998    0.07606311  0.16637545
    2    2
  1.19559155  0.00000000    0.02482664 -0.05539679    0.02482664 -0.05539679
  0.02482664  0.05539679    0.82292829  0.00000000    0.03246336  0.00000000
  0.02482664  0.05539679    0.03246336  0.00000000    0.82292829  0.00000000

     Dynamical  Matrix in cartesian axes

     q = (    0.833333333  -0.833333333   0.166666667 ) 

    1    1
  0.82292829  0.00000000   -0.03246336  0.00000000    0.02482664 -0.05539679
 -0.03246336  0.00000000    0.82292829  0.00000000   -0.02482664  0.05539679
  0.02482664  0.05539679   -0.02482664 -0.05539679    1.19559155  0.00000000
    1    2
  0.07606311 -0.16637545   -0.11313082 -0.13270998   -0.00591856  0.02790563
 -0.11313082 -0.13270998    0.07606311 -0.16637545    0.00591856 -0.02790563
 -0.00591856  0.02790563    0.00591856 -0.02790563    0.07895381 -0.18433189
    2    1
  0.07606311  0.16637545   -0.11313082  0.13270998   -0.00591856 -0.02790563
 -0.11313082  0.13270998    0.07606311  0.16637545    0.00591856  0.02790563
 -0.00591856 -0.02790563    0.00591856  0.02790563    0.07895381  0.18433189
    2    2
  0.82292829  0.00000000   -0.03246336  0.00000000    0.02482664  0.05539679
 -0.03246336  0.00000000    0.82292829  0.00000000   -0.02482664 -0.05539679
  0.02482664 -0.05539679   -0.02482664  0.05539679    1.19559155  0.00000000

     Dynamical  Matrix in cartesian axes

     q = (    0.833333333   0.833333333  -0.166666667 ) 

    1    1
  0.82292829  0.00000000    0.03246336  0.00000000   -0.02482664  0.05539679
  0.03246336  0.00000000    0.82292829  0.00000000   -0.02482664  0.05539679
 -0.02482664 -0.05539679   -0.02482664 -0.05539679    1.19559155  0.00000000
    1    2
  0.07606311 -0.16637545    0.11313082  0.13270998    0.00591856 -0.02790563
  0.11313082  0.13270998    0.07606311 -0.16637545    0.00591856 -0.02790563
  0.00591856 -0.02790563    0.00591856 -0.02790563    0.07895381 -0.18433189
    2    1
  0.07606311  0.16637545    0.11313082 -0.13270998    0.00591856  0.02790563
  0.11313082 -0.13270998    0.07606311  0.16637545    0.00591856  0.02790563
  0.00591856  0.02790563    0.00591856  0.02790563    0.07895381  0.18433189
    2    2
  0.82292829  0.00000000    0.03246336  0.00000000   -0.02482664 -0.05539679
  0.03246336  0.00000000    0.82292829  0.00000000   -0.02482664 -0.05539679
 -0.02482664  0.05539679   -0.02482664  0.05539679    1.19559155  0.00000000

     Dynamical  Matrix in cartesian axes

     q = (   -0.833333333  -0.833333333  -0.166666667 ) 

    1    1
  0.82292829  0.00000000    0.03246336  0.00000000    0.02482664 -0.05539679
  0.03246336  0.00000000    0.82292829  0.00000000    0.02482664 -0.05539679
  0.02482664  0.05539679    0.02482664  0.05539679    1.19559155  0.00000000
    1    2
  0.07606311 -0.16637545    0.11313082  0.13270998   -0.00591856  0.02790563
  0.11313082  0.13270998    0.07606311 -0.16637545   -0.00591856  0.02790563
 -0.00591856  0.02790563   -0.00591856  0.02790563    0.07895381 -0.18433189
    2    1
  0.07606311  0.16637545    0.11313082 -0.13270998   -0.00591856 -0.02790563
  0.11313082 -0.13270998    0.07606311  0.16637545   -0.00591856 -0.02790563
 -0.00591856 -0.02790563   -0.00591856 -0.02790563    0.07895381  0.18433189
    2    2
  0.82292829  0.00000000    0.03246336  0.00000000    0.02482664  0.05539679
  0.03246336  0.00000000    0.82292829  0.00000000    0.02482664  0.05539679
  0.02482664 -0.05539679    0.02482664 -0.05539679    1.19559155  0.00000000

     Dynamical  Matrix in cartesian axes

     q = (   -0.833333333   0.833333333   0.166666667 ) 

    1    1
  0.82292829  0.00000000   -0.03246336  0.00000000   -0.02482664  0.05539679
 -0.03246336  0.00000000    0.82292829  0.00000000    0.02482664 -0.05539679
 -0.02482664 -0.05539679    0.02482664  0.05539679    1.19559155  0.00000000
    1    2
 -0.07606311  0.16637545    0.11313082  0.13270998   -0.00591856  0.02790563
  0.11313082  0.13270998   -0.07606311  0.16637545    0.00591856 -0.02790563
 -0.00591856  0.02790563    0.00591856 -0.02790563   -0.07895381  0.18433189
    2    1
 -0.07606311 -0.16637545    0.11313082 -0.13270998   -0.00591856 -0.02790563
  0.11313082 -0.13270998   -0.07606311 -0.16637545    0.00591856  0.02790563
 -0.00591856 -0.02790563    0.00591856  0.02790563   -0.07895381 -0.18433189
    2    2
  0.82292829  0.00000000   -0.03246336  0.00000000   -0.02482664 -0.05539679
 -0.03246336  0.00000000    0.82292829  0.00000000    0.02482664  0.05539679
 -0.02482664  0.05539679    0.02482664 -0.05539679    1.19559155  0.00000000

     Dynamical  Matrix in cartesian axes

     q = (    0.166666667  -0.833333333   0.833333333 ) 

    1    1
  1.19559155  0.00000000   -0.02482664 -0.05539679    0.02482664  0.05539679
 -0.02482664  0.05539679    0.82292829  0.00000000   -0.03246336  0.00000000
  0.02482664 -0.05539679   -0.03246336  0.00000000    0.82292829  0.00000000
    1    2
  0.07895381 -0.18433189    0.00591856 -0.02790563   -0.00591856  0.02790563
  0.00591856 -0.02790563    0.07606311 -0.16637545   -0.11313082 -0.13270998
 -0.00591856  0.02790563   -0.11313082 -0.13270998    0.07606311 -0.16637545
    2    1
  0.07895381  0.18433189    0.00591856  0.02790563   -0.00591856 -0.02790563
  0.00591856  0.02790563    0.07606311  0.16637545   -0.11313082  0.13270998
 -0.00591856 -0.02790563   -0.11313082  0.13270998    0.07606311  0.16637545
    2    2
  1.19559155  0.00000000   -0.02482664  0.05539679    0.02482664 -0.05539679
 -0.02482664 -0.05539679    0.82292829  0.00000000   -0.03246336  0.00000000
  0.02482664  0.05539679   -0.03246336  0.00000000    0.82292829  0.00000000

     Dynamical  Matrix in cartesian axes

     q = (    0.166666667   0.833333333   0.833333333 ) 

    1    1
  1.19559155  0.00000000    0.02482664 -0.05539679    0.02482664 -0.05539679
  0.02482664  0.05539679    0.82292829  0.00000000    0.03246336  0.00000000
  0.02482664  0.05539679    0.03246336  0.00000000    0.82292829  0.00000000
    1    2
  0.07895381  0.18433189   -0.00591856 -0.02790563   -0.00591856 -0.02790563
 -0.00591856 -0.02790563    0.07606311  0.16637545    0.11313082 -0.13270998
 -0.00591856 -0.02790563    0.11313082 -0.13270998    0.07606311  0.16637545
    2    1
  0.07895381 -0.18433189   -0.00591856  0.02790563   -0.00591856  0.02790563
 -0.00591856  0.02790563    0.07606311 -0.16637545    0.11313082  0.13270998
 -0.00591856  0.02790563    0.11313082  0.13270998    0.07606311 -0.16637545
    2    2
  1.19559155  0.00000000    0.02482664  0.05539679    0.02482664  0.05539679
  0.02482664 -0.05539679    0.82292829  0.00000000    0.03246336  0.00000000
  0.02482664 -0.05539679    0.03246336  0.00000000    0.82292829  0.00000000

     Dynamical  Matrix in cartesian axes

     q = (   -0.833333333   0.166666667  -0.833333333 ) 

    1    1
  0.82292829  0.00000000   -0.02482664 -0.05539679    0.03246336  0.00000000
 -0.02482664  0.05539679    1.19559155  0.00000000   -0.02482664  0.05539679
  0.03246336  0.00000000   -0.02482664 -0.05539679    0.82292829  0.00000000
    1    2
  0.07606311  0.16637545    0.00591856  0.02790563    0.11313082 -0.13270998
  0.00591856  0.02790563    0.07895381  0.18433189    0.00591856  0.02790563
  0.11313082 -0.13270998    0.00591856  0.02790563    0.07606311  0.16637545
    2    1
  0.07606311 -0.16637545    0.00591856 -0.02790563    0.11313082  0.13270998
  0.00591856 -0.02790563    0.07895381 -0.18433189    0.00591856 -0.02790563
  0.11313082  0.13270998    0.00591856 -0.02790563    0.07606311 -0.16637545
    2    2
  0.82292829  0.00000000   -0.02482664  0.05539679    0.03246336  0.00000000
 -0.02482664 -0.05539679    1.19559155  0.00000000   -0.02482664 -0.05539679
  0.03246336  0.00000000   -0.02482664  0.05539679    0.82292829  0.00000000

     Dynamical  Matrix in cartesian axes

     q = (   -0.166666667  -0.833333333   0.833333333 ) 

    1    1
  1.19559155  0.00000000    0.02482664 -0.05539679   -0.02482664  0.05539679
  0.02482664  0.05539679    0.82292829  0.00000000   -0.03246336  0.00000000
 -0.02482664 -0.05539679   -0.03246336  0.00000000    0.82292829  0.00000000
    1    2
  0.07895381  0.18433189   -0.00591856 -0.02790563    0.00591856  0.02790563
 -0.00591856 -0.02790563    0.07606311  0.16637545   -0.11313082  0.13270998
  0.00591856  0.02790563   -0.11313082  0.13270998    0.07606311  0.16637545
    2    1
  0.07895381 -0.18433189   -0.00591856  0.02790563    0.00591856 -0.02790563
 -0.00591856  0.02790563    0.07606311 -0.16637545   -0.11313082 -0.13270998
  0.00591856 -0.02790563   -0.11313082 -0.13270998    0.07606311 -0.16637545
    2    2
  1.19559155  0.00000000    0.02482664  0.05539679   -0.02482664 -0.05539679
  0.02482664 -0.05539679    0.82292829  0.00000000   -0.03246336  0.00000000
 -0.02482664  0.05539679   -0.03246336  0.00000000    0.82292829  0.00000000

     Dynamical  Matrix in cartesian axes

     q = (   -0.833333333  -0.833333333   0.166666667 ) 

    1    1
  0.82292829  0.00000000    0.03246336  0.00000000   -0.02482664 -0.05539679
  0.03246336  0.00000000    0.82292829  0.00000000   -0.02482664 -0.05539679
 -0.02482664  0.05539679   -0.02482664  0.05539679    1.19559155  0.00000000
    1    2
  0.07606311  0.16637545    0.11313082 -0.13270998    0.00591856  0.02790563
  0.11313082 -0.13270998    0.07606311  0.16637545    0.00591856  0.02790563
  0.00591856  0.02790563    0.00591856  0.02790563    0.07895381  0.18433189
    2    1
  0.07606311 -0.16637545    0.11313082  0.13270998    0.00591856 -0.02790563
  0.11313082  0.13270998    0.07606311 -0.16637545    0.00591856 -0.02790563
  0.00591856 -0.02790563    0.00591856 -0.02790563    0.07895381 -0.18433189
    2    2
  0.82292829  0.00000000    0.03246336  0.00000000   -0.02482664  0.05539679
  0.03246336  0.00000000    0.82292829  0.00000000   -0.02482664  0.05539679
 -0.02482664 -0.05539679   -0.02482664 -0.05539679    1.19559155  0.00000000

     Dynamical  Matrix in cartesian axes

     q = (    0.833333333   0.833333333   0.166666667 ) 

    1    1
  0.82292829  0.00000000    0.03246336  0.00000000    0.02482664  0.05539679
  0.03246336  0.00000000    0.82292829  0.00000000    0.02482664  0.05539679
  0.02482664 -0.05539679    0.02482664 -0.05539679    1.19559155  0.00000000
    1    2
  0.07606311  0.16637545    0.11313082 -0.13270998   -0.00591856 -0.02790563
  0.11313082 -0.13270998    0.07606311  0.16637545   -0.00591856 -0.02790563
 -0.00591856 -0.02790563   -0.00591856 -0.02790563    0.07895381  0.18433189
    2    1
  0.07606311 -0.16637545    0.11313082  0.13270998   -0.00591856  0.02790563
  0.11313082  0.13270998    0.07606311 -0.16637545   -0.00591856  0.02790563
 -0.00591856  0.02790563   -0.00591856  0.02790563    0.07895381 -0.18433189
    2    2
  0.82292829  0.00000000    0.03246336  0.00000000    0.02482664 -0.05539679
  0.03246336  0.00000000    0.82292829  0.00000000    0.02482664 -0.05539679
  0.02482664  0.05539679    0.02482664  0.05539679    1.19559155  0.00000000

     Dynamical  Matrix in cartesian axes

     q = (    0.166666667  -0.833333333  -0.833333333 ) 

    1    1
  1.19559155  0.00000000   -0.02482664  0.05539679   -0.02482664  0.05539679
 -0.02482664 -0.05539679    0.82292829  0.00000000    0.03246336  0.00000000
 -0.02482664 -0.05539679    0.03246336  0.00000000    0.82292829  0.00000000
    1    2
 -0.07895381 -0.18433189   -0.00591856 -0.02790563   -0.00591856 -0.02790563
 -0.00591856 -0.02790563   -0.07606311 -0.16637545   -0.11313082  0.13270998
 -0.00591856 -0.02790563   -0.11313082  0.13270998   -0.07606311 -0.16637545
    2    1
 -0.07895381  0.18433189   -0.00591856  0.02790563   -0.00591856  0.02790563
 -0.00591856  0.02790563   -0.07606311  0.16637545   -0.11313082 -0.13270998
 -0.00591856  0.02790563   -0.11313082 -0.13270998   -0.07606311  0.16637545
    2    2
  1.19559155  0.00000000   -0.02482664 -0.05539679   -0.02482664 -0.05539679
 -0.02482664  0.05539679    0.82292829  0.00000000    0.03246336  0.00000000
 -0.02482664  0.05539679    0.03246336  0.00000000    0.82292829  0.00000000

     Dynamical  Matrix in cartesian axes

     q = (    0.833333333  -0.833333333  -0.166666667 ) 

    1    1
  0.82292829  0.00000000   -0.03246336  0.00000000   -0.02482664 -0.05539679
 -0.03246336  0.00000000    0.82292829  0.00000000    0.02482664  0.05539679
 -0.02482664  0.05539679    0.02482664 -0.05539679    1.19559155  0.00000000
    1    2
 -0.07606311 -0.16637545    0.11313082 -0.13270998   -0.00591856 -0.02790563
  0.11313082 -0.13270998   -0.07606311 -0.16637545    0.00591856  0.02790563
 -0.00591856 -0.02790563    0.00591856  0.02790563   -0.07895381 -0.18433189
    2    1
 -0.07606311  0.16637545    0.11313082  0.13270998   -0.00591856  0.02790563
  0.11313082  0.13270998   -0.07606311  0.16637545    0.00591856 -0.02790563
 -0.00591856  0.02790563    0.00591856 -0.02790563   -0.07895381  0.18433189
    2    2
  0.82292829  0.00000000   -0.03246336  0.00000000   -0.02482664  0.05539679
 -0.03246336  0.00000000    0.82292829  0.00000000    0.02482664 -0.05539679
 -0.02482664 -0.05539679    0.02482664  0.05539679    1.19559155  0.00000000

     Diagonalizing the dynamical matrix

     q = (    0.833333333  -0.166666667   0.833333333 ) 

 **************************************************************************
     freq (    1) =      21.999575 [THz] =     733.826842 [cm-1]
 (  0.061498  0.496204  0.000000  0.000000 -0.061498 -0.496204 ) 
 (  0.500000  0.000000 -0.000000 -0.000000 -0.500000  0.000000 ) 
     freq (    2) =      25.482404 [THz] =     850.001509 [cm-1]
 (  0.482430 -0.117741  0.082196  0.006343  0.482430 -0.117741 ) 
 ( -0.496590 -0.000000 -0.078348  0.025651 -0.496590  0.000000 ) 
     freq (    3) =      29.971544 [THz] =     999.743105 [cm-1]
 (  0.284155 -0.138603  0.378138  0.396360  0.284155 -0.138603 ) 
 (  0.316157 -0.000000  0.166098 -0.522017  0.316157  0.000000 ) 
     freq (    4) =      32.869916 [THz] =    1096.422367 [cm-1]
 ( -0.061498 -0.496204  0.000000  0.000000  0.061498  0.496204 ) 
 (  0.500000  0.000000  0.000000 -0.000000 -0.500000  0.000000 ) 
     freq (    5) =      33.478044 [THz] =    1116.707358 [cm-1]
 ( -0.382227  0.049142  0.331331  0.305279 -0.382227  0.049142 ) 
 ( -0.385373 -0.000000  0.289698 -0.345037 -0.385373  0.000000 ) 
     freq (    6) =      37.291878 [THz] =    1243.923143 [cm-1]
 ( -0.034641 -0.061080 -0.697139  0.064311 -0.034641 -0.061080 ) 
 ( -0.070220 -0.000000 -0.287979 -0.638128 -0.070220  0.000000 ) 
 **************************************************************************
