Dynamical matrix file
default                                                                    
  1    2  2  6.7568759  0.0000000  0.0000000  0.0000000  0.0000000  0.0000000
           1  'C   '    10937.330905587271     
    1    1     -0.1250000000      0.1250000000      0.1250000000
    2    1     -0.8750000000      0.8750000000      0.8750000000

     Dynamical  Matrix in cartesian axes

     q = (   -0.166666667   0.166666667  -0.166666667 ) 

    1    1
  0.81325550  0.00000000   -0.03223950  0.00000000    0.03223950 -0.00000000
 -0.03223950  0.00000000    0.81325550  0.00000000   -0.03223950  0.00000000
  0.03223950 -0.00000000   -0.03223950  0.00000000    0.81325550  0.00000000
    1    2
 -0.46083077  0.49748683    0.00359342  0.02694789   -0.00359342 -0.02694789
  0.00359342  0.02694789   -0.46083077  0.49748683    0.00359342  0.02694789
 -0.00359342 -0.02694789    0.00359342  0.02694789   -0.46083077  0.49748683
    2    1
 -0.46083077 -0.49748683    0.00359342 -0.02694789   -0.00359342  0.02694789
  0.00359342 -0.02694789   -0.46083077 -0.49748683    0.00359342 -0.02694789
 -0.00359342  0.02694789    0.00359342 -0.02694789   -0.46083077 -0.49748683
    2    2
  0.81325550 -0.00000000   -0.03223950 -0.00000000    0.03223950  0.00000000
 -0.03223950 -0.00000000    0.81325550 -0.00000000   -0.03223950 -0.00000000
  0.03223950  0.00000000   -0.03223950 -0.00000000    0.81325550 -0.00000000

     Dynamical  Matrix in cartesian axes

     q = (    0.166666667   0.166666667   0.166666667 ) 

    1    1
  0.81325550  0.00000000    0.03223950 -0.00000000    0.03223950 -0.00000000
  0.03223950  0.00000000    0.81325550  0.00000000    0.03223950 -0.00000000
  0.03223950  0.00000000    0.03223950 -0.00000000    0.81325550  0.00000000
    1    2
 -0.46083077  0.49748683   -0.00359342 -0.02694789   -0.00359342 -0.02694789
 -0.00359342 -0.02694789   -0.46083077  0.49748683   -0.00359342 -0.02694789
 -0.00359342 -0.02694789   -0.00359342 -0.02694789   -0.46083077  0.49748683
    2    1
 -0.46083077 -0.49748683   -0.00359342  0.02694789   -0.00359342  0.02694789
 -0.00359342  0.02694789   -0.46083077 -0.49748683   -0.00359342  0.02694789
 -0.00359342  0.02694789   -0.00359342  0.02694789   -0.46083077 -0.49748683
    2    2
  0.81325550 -0.00000000    0.03223950  0.00000000    0.03223950  0.00000000
  0.03223950  0.00000000    0.81325550 -0.00000000    0.03223950  0.00000000
  0.03223950  0.00000000    0.03223950  0.00000000    0.81325550 -0.00000000

     Dynamical  Matrix in cartesian axes

     q = (   -0.166666667  -0.166666667  -0.166666667 ) 

    1    1
  0.81325550 -0.00000000    0.03223950  0.00000000    0.03223950  0.00000000
  0.03223950  0.00000000    0.81325550 -0.00000000    0.03223950  0.00000000
  0.03223950  0.00000000    0.03223950  0.00000000    0.81325550 -0.00000000
    1    2
 -0.46083077 -0.49748683   -0.00359342  0.02694789   -0.00359342  0.02694789
 -0.00359342  0.02694789   -0.46083077 -0.49748683   -0.00359342  0.02694789
 -0.00359342  0.02694789   -0.00359342  0.02694789   -0.46083077 -0.49748683
    2    1
 -0.46083077  0.49748683   -0.00359342 -0.02694789   -0.00359342 -0.02694789
 -0.00359342 -0.02694789   -0.46083077  0.49748683   -0.00359342 -0.02694789
 -0.00359342 -0.02694789   -0.00359342 -0.02694789   -0.46083077  0.49748683
    2    2
  0.81325550  0.00000000    0.03223950 -0.00000000    0.03223950 -0.00000000
  0.03223950 -0.00000000    0.81325550  0.00000000    0.03223950 -0.00000000
  0.03223950 -0.00000000    0.03223950 -0.00000000    0.81325550  0.00000000

     Dynamical  Matrix in cartesian axes

     q = (    0.166666667  -0.166666667   0.166666667 ) 

    1    1
  0.81325550 -0.00000000   -0.03223950 -0.00000000    0.03223950  0.00000000
 -0.03223950 -0.00000000    0.81325550 -0.00000000   -0.03223950 -0.00000000
  0.03223950  0.00000000   -0.03223950 -0.00000000    0.81325550 -0.00000000
    1    2
 -0.46083077 -0.49748683    0.00359342 -0.02694789   -0.00359342  0.02694789
  0.00359342 -0.02694789   -0.46083077 -0.49748683    0.00359342 -0.02694789
 -0.00359342  0.02694789    0.00359342 -0.02694789   -0.46083077 -0.49748683
    2    1
 -0.46083077  0.49748683    0.00359342  0.02694789   -0.00359342 -0.02694789
  0.00359342  0.02694789   -0.46083077  0.49748683    0.00359342  0.02694789
 -0.00359342 -0.02694789    0.00359342  0.02694789   -0.46083077  0.49748683
    2    2
  0.81325550  0.00000000   -0.03223950  0.00000000    0.03223950 -0.00000000
 -0.03223950  0.00000000    0.81325550  0.00000000   -0.03223950  0.00000000
  0.03223950 -0.00000000   -0.03223950  0.00000000    0.81325550  0.00000000

     Dynamical  Matrix in cartesian axes

     q = (    0.166666667  -0.166666667  -0.166666667 ) 

    1    1
  0.81325550  0.00000000   -0.03223950  0.00000000   -0.03223950  0.00000000
 -0.03223950  0.00000000    0.81325550  0.00000000    0.03223950 -0.00000000
 -0.03223950  0.00000000    0.03223950 -0.00000000    0.81325550  0.00000000
    1    2
  0.46083077 -0.49748683   -0.00359342 -0.02694789   -0.00359342 -0.02694789
 -0.00359342 -0.02694789    0.46083077 -0.49748683    0.00359342  0.02694789
 -0.00359342 -0.02694789    0.00359342  0.02694789    0.46083077 -0.49748683
    2    1
  0.46083077  0.49748683   -0.00359342  0.02694789   -0.00359342  0.02694789
 -0.00359342  0.02694789    0.46083077  0.49748683    0.00359342 -0.02694789
 -0.00359342  0.02694789    0.00359342 -0.02694789    0.46083077  0.49748683
    2    2
  0.81325550 -0.00000000   -0.03223950 -0.00000000   -0.03223950 -0.00000000
 -0.03223950 -0.00000000    0.81325550 -0.00000000    0.03223950  0.00000000
 -0.03223950 -0.00000000    0.03223950  0.00000000    0.81325550 -0.00000000

     Dynamical  Matrix in cartesian axes

     q = (    0.166666667   0.166666667  -0.166666667 ) 

    1    1
  0.81325550 -0.00000000    0.03223950 -0.00000000   -0.03223950 -0.00000000
  0.03223950  0.00000000    0.81325550 -0.00000000   -0.03223950 -0.00000000
 -0.03223950 -0.00000000   -0.03223950  0.00000000    0.81325550 -0.00000000
    1    2
 -0.46083077 -0.49748683   -0.00359342  0.02694789    0.00359342 -0.02694789
 -0.00359342  0.02694789   -0.46083077 -0.49748683    0.00359342 -0.02694789
  0.00359342 -0.02694789    0.00359342 -0.02694789   -0.46083077 -0.49748683
    2    1
 -0.46083077  0.49748683   -0.00359342 -0.02694789    0.00359342  0.02694789
 -0.00359342 -0.02694789   -0.46083077  0.49748683    0.00359342  0.02694789
  0.00359342  0.02694789    0.00359342  0.02694789   -0.46083077  0.49748683
    2    2
  0.81325550  0.00000000    0.03223950  0.00000000   -0.03223950  0.00000000
  0.03223950 -0.00000000    0.81325550  0.00000000   -0.03223950  0.00000000
 -0.03223950  0.00000000   -0.03223950 -0.00000000    0.81325550  0.00000000

     Dynamical  Matrix in cartesian axes

     q = (   -0.166666667  -0.166666667   0.166666667 ) 

    1    1
  0.81325550  0.00000000    0.03223950  0.00000000   -0.03223950  0.00000000
  0.03223950 -0.00000000    0.81325550  0.00000000   -0.03223950  0.00000000
 -0.03223950 -0.00000000   -0.03223950  0.00000000    0.81325550  0.00000000
    1    2
 -0.46083077  0.49748683   -0.00359342 -0.02694789    0.00359342  0.02694789
 -0.00359342 -0.02694789   -0.46083077  0.49748683    0.00359342  0.02694789
  0.00359342  0.02694789    0.00359342  0.02694789   -0.46083077  0.49748683
    2    1
 -0.46083077 -0.49748683   -0.00359342  0.02694789    0.00359342 -0.02694789
 -0.00359342  0.02694789   -0.46083077 -0.49748683    0.00359342 -0.02694789
  0.00359342 -0.02694789    0.00359342 -0.02694789   -0.46083077 -0.49748683
    2    2
  0.81325550 -0.00000000    0.03223950 -0.00000000   -0.03223950 -0.00000000
  0.03223950  0.00000000    0.81325550 -0.00000000   -0.03223950 -0.00000000
 -0.03223950  0.00000000   -0.03223950 -0.00000000    0.81325550 -0.00000000

     Dynamical  Matrix in cartesian axes

     q = (   -0.166666667   0.166666667   0.166666667 ) 

    1    1
  0.81325550 -0.00000000   -0.03223950 -0.00000000   -0.03223950 -0.00000000
 -0.03223950 -0.00000000    0.81325550 -0.00000000    0.03223950  0.00000000
 -0.03223950 -0.00000000    0.03223950  0.00000000    0.81325550 -0.00000000
    1    2
  0.46083077  0.49748683   -0.00359342  0.02694789   -0.00359342  0.02694789
 -0.00359342  0.02694789    0.46083077  0.49748683    0.00359342 -0.02694789
 -0.00359342  0.02694789    0.00359342 -0.02694789    0.46083077  0.49748683
    2    1
  0.46083077 -0.49748683   -0.00359342 -0.02694789   -0.00359342 -0.02694789
 -0.00359342 -0.02694789    0.46083077 -0.49748683    0.00359342  0.02694789
 -0.00359342 -0.02694789    0.00359342  0.02694789    0.46083077 -0.49748683
    2    2
  0.81325550  0.00000000   -0.03223950  0.00000000   -0.03223950  0.00000000
 -0.03223950  0.00000000    0.81325550  0.00000000    0.03223950 -0.00000000
 -0.03223950  0.00000000    0.03223950 -0.00000000    0.81325550  0.00000000

     Diagonalizing the dynamical matrix

     q = (   -0.166666667   0.166666667  -0.166666667 ) 

 **************************************************************************
     freq (    1) =       9.184445 [THz] =     306.360116 [cm-1]
 ( -0.288383  0.208043 -0.432090  0.372870 -0.143707  0.164827 ) 
 ( -0.346327 -0.080648 -0.565004 -0.080648 -0.218677  0.000000 ) 
     freq (    2) =       9.184445 [THz] =     306.360116 [cm-1]
 (  0.323001 -0.320246 -0.028146  0.082507 -0.351147  0.402753 ) 
 (  0.453649  0.033006 -0.080686  0.033006 -0.534335  0.000000 ) 
     freq (    3) =      15.181081 [THz] =     506.386338 [cm-1]
 (  0.296304 -0.280839 -0.296304  0.280839  0.296304 -0.280839 ) 
 (  0.408248  0.000000 -0.408248 -0.000000  0.408248  0.000000 ) 
     freq (    4) =      38.227715 [THz] =    1275.139322 [cm-1]
 (  0.259120 -0.364789  0.319954 -0.434564  0.060834 -0.069774 ) 
 ( -0.445244  0.044416 -0.537813  0.044416 -0.092570  0.000000 ) 
     freq (    5) =      38.227715 [THz] =    1275.139322 [cm-1]
 (  0.234285 -0.279695 -0.140222  0.149850 -0.374506  0.429545 ) 
 ( -0.364783  0.007215  0.205098  0.007215  0.569881  0.000000 ) 
     freq (    6) =      38.815758 [THz] =    1294.754314 [cm-1]
 (  0.296304 -0.280839 -0.296304  0.280839  0.296304 -0.280839 ) 
 ( -0.408248  0.000000  0.408248 -0.000000 -0.408248  0.000000 ) 
 **************************************************************************
